Scheme Code;Scheme Name;ISIN Div Payout/ISIN Growth;ISIN Div Reinvestment;Net Asset Value;Repurchase Price;Sale Price;Date

Open Ended Schemes ( Income )


Aditya Birla Sun Life Mutual Fund
106271;BIRLA SUN LIFE CAPITAL PROTECTION ORIENTED FUND-5 YRS-DIVIDEND;;;12.6556;12.6556;12.6556;28-Oct-2011
106272;BIRLA SUN LIFE CAPITAL PROTECTION ORIENTED FUND-5 YRS-GROWTH;;;12.6556;12.6556;12.6556;28-Oct-2011
100970;Aditya Birla Sun Life MIP - Regular Plan - Growth;INF209K01694;;27.3385;27.2702;27.3385;28-Oct-2011
100971;Aditya Birla Sun Life MIP - Regular Plan - Monthly Dividend;INF209K01702;;11.3334;11.3051;11.3334;28-Oct-2011
100972;Aditya Birla Sun Life MIP - Regular Plan - Monthly Payment;INF209K01710;;27.3385;27.2702;27.3385;28-Oct-2011
101713;Aditya Birla Sun Life MIP II - Saving 5 Plan - Growth - Regular Plan;INF209K01728;;18.3405;18.1571;18.3405;28-Oct-2011
101711;Aditya Birla Sun Life MIP II - Savings 5 Plan - Monthly Dividend - Regular Plan;INF209K01736;INF209K01DE3;11.3747;11.2610;11.3747;28-Oct-2011
101712;Aditya Birla Sun Life MIP II - Savings 5 Plan - Monthly Growth /Payment;INF209K01744;;18.3405;18.1571;18.3405;28-Oct-2011
103184;Aditya Birla Sun Life Monthly Income - Dividend - Regular Plan;INF209K01AX9;INF209K01DX3;11.2683;11.1556;11.2683;28-Oct-2011
103185;Aditya Birla Sun Life Monthly Income - Growth - Regular Plan;INF209K01AZ4;;37.6764;37.2996;37.6764;28-Oct-2011
103186;Aditya Birla Sun Life Monthly Income - Quarterly Dividend - Regular Plan;INF209K01AY7;INF209K01DY1;11.7685;11.6508;11.7685;28-Oct-2011

Bandhan Mutual Fund
108784;BANDHAN Dynamic Bond Fund - Annual Dividend;INF194K01QE9;INF194K01QD1;12.8657;12.8657;12.8657;28-Oct-2011
108554;BANDHAN Dynamic Bond Fund - Quarterly Dividend;INF194K01QB5;INF194K01QA7;11.6557;11.6557;11.6557;28-Oct-2011
108625;IDFC - SSIF - ST -Plan B - Growth;INF194K01HM1;;11.7613;11.7613;11.7613;28-Oct-2011
108759;IDFC - SSIF - ST -Plan B - Monthly Dividend;INF194K01HO7;INF194K01HN9;10.2097;10.2097;10.2097;28-Oct-2011
112367;IDFC - SSIF - Short Term- Plan F Growth;INF194K01IH9;;11.1704;11.1704;11.1704;28-Oct-2011
108786;IDFC Dynamic Bond Fund - Growth;INF194K01PZ6;;20.0165;20.0165;20.0165;28-Oct-2011
108742;IDFC Money Manager Fund-Investment Plan-Regular Plan-Daily Div.;INF194K01NW8;INF194K01NV0;10.1667;10.1667;10.1667;28-Oct-2011
108736;IDFC Money Manager Fund-Investment Plan-Regular Plan-Growth;INF194K01NO5;;16.0453;16.0453;16.0453;28-Oct-2011
108739;IDFC Money Manager Fund-Investment Plan-Regular Plan-Monthly Div.;INF194K01OC8;INF194K01OB0;10.0483;10.0483;10.0483;28-Oct-2011
108740;IDFC Money Manager Fund-Investment Plan-Regular Plan-Weekly Div.;INF194K01NZ1;INF194K01NY4;10.0727;10.0727;10.0727;28-Oct-2011
109247;IDFC-Money Manager Fund-Investment Plan A-Weekly Div.;INF194K01NM9;INF194K01NL1;10.0233;10.0233;10.0233;28-Oct-2011
108734;IDFC-Money Manager Fund-Investment Plan-Annual Div.;INF194K01NA4;INF194K01MZ3;12.3370;12.3370;12.3370;28-Oct-2011
108732;IDFC-Money Manager Fund-Investment Plan-Growth;INF194K01MY6;;15.6768;15.6768;15.6768;28-Oct-2011
108741;IDFC-Money Manager Fund-Investment Plan-Plan A-Daily Div.;INF194K01NG1;INF194K01NF3;10.0093;10.0093;10.0093;28-Oct-2011
108735;IDFC-Money Manager Fund-Investment Plan-Plan A-Monthly Div.;INF194K01NJ5;INF194K01NI7;10.0434;10.0434;10.0434;28-Oct-2011
108733;IDFC-Money Manager Fund-Investment Plan-Qtrly Div.;INF194K01ND8;INF194K01NC0;10.4399;10.4399;10.4399;28-Oct-2011
112362;IDFC Money Manager Fund - Investment Plan- Plan F Growth;INF194K01OE4;;10.6823;10.6823;10.6823;28-Oct-2011
111922;IDFC-Money Manager Fund-Treasury  Plan D-Growth;INF194K01MN9;;11.3835;11.3835;11.3835;28-Oct-2011
111923;IDFC-Money Manager Fund-Treasury Plan  D-Daily Dividend;INF194K01MP4;INF194K01MR0;10.0033;10.0033;10.0033;28-Oct-2011
108676;IDFC-Money Manager Fund-Treasury Plan-Plan B - Growth;INF194K01LT8;;16.5257;16.5257;16.5257;28-Oct-2011
108677;IDFC-Money Manager Fund-Treasury Plan-Plan B-Daily Div;INF194K01LY8;INF194K01LX0;10.0703;10.0703;10.0703;28-Oct-2011
108679;IDFC-Money Manager Fund-Treasury Plan-Plan B-Mon Div;INF194K01LV4;INF194K01LU6;10.0844;10.0844;10.0844;28-Oct-2011
108678;IDFC-Money Manager Fund-Treasury Plan-Plan B-Weekly Div;INF194K01MB4;INF194K01MA6;10.0379;10.0379;10.0379;28-Oct-2011
112364;IDFC-Money Manager Fund-Treasury Plan-Plan F  Growth;INF194K01MU4;;11.2058;11.2058;11.2058;28-Oct-2011
111681;IDFC SSIF - MT (Plan B)Inst- Growth Plan;INF194K01KK9;;11.1386;11.1386;11.1386;28-Oct-2011
111680;IDFC SSIF - MT (Plan B) Inst - Dividend;INF194K01KV6;INF194K01KU8;11.4838;11.4838;11.4838;28-Oct-2011
113165;IDFC SSIF - MT (Plan B) Inst - Monthly Dividend;INF194K01KM5;INF194K01KN3;10.0000;10.0000;10.0000;28-Oct-2011
112398;IDFC Super Saver Income Fund- IP-Plan F Growth;INF194K01JQ8;;10.7834;10.7834;10.7834;28-Oct-2011
112396;IDFC Super Saver Income Fund- MT-Plan F Dividend;INF194K01LH3;INF194K01LG5;10.0914;10.0914;10.0914;28-Oct-2011
112397;IDFC Super Saver Income Fund- MT-Plan F Growth;INF194K01LF7;;11.3428;11.3428;11.3428;28-Oct-2011
111532;IDFC-SSIF-Investment Plan B DIVIDEND;INF194K01JG9;INF194K01JF1;10.4991;10.4991;10.4991;28-Oct-2011
111529;IDFC-SSIF-Investment Plan B- GROWTH;INF194K01IV0;;11.6834;11.6834;11.6834;28-Oct-2011
111761;IDFC-SSIF-Investment Plan C- DIVIDEND;INF194K01JK1;INF194K01JJ3;11.2039;11.2039;11.2039;28-Oct-2011

Baroda BNP Paribas Mutual Fund
112314;Baroda Pioneer PSU Bond Fund - Plan A - Growth Option;INF955L01245;;11.0026;10.9476;11.0026;28-Oct-2011
112345;Baroda Pioneer PSU Bond Fund - Plan A - Monthly Dividend Option;INF955L01252;INF955L01260;10.1068;10.0563;10.1068;28-Oct-2011
112346;Baroda Pioneer PSU Bond Fund - Plan A - Quarterly Dividend Option;INF955L01278;INF955L01286;9.9976;9.9476;9.9976;28-Oct-2011

Canara Robeco Mutual Fund
113101;Canara Robeco InDiGo Fund - Regular Plan - Growth;INF760K01AJ0;;11.8415;11.8415;11.8415;28-Oct-2011
113100;Canara Robeco InDiGo Fund - Regular Plan - Quarterly Dividend;INF760K01AK8;INF760K01AL6;11.3480;11.3480;11.3480;28-Oct-2011
110147;Canara Robeco Interval Scheme Series2 (Quarterly Plan2) - Regular Plan - Dividend Option;INF760K01BG4;;10.1104;10.1104;10.1104;28-Oct-2011
110146;Canara Robeco Interval Scheme Series2 (Quarterly Plan2) - Regular Plan - Growth Option;INF760K01BH2;;11.7033;11.7033;11.7033;28-Oct-2011
110148;Canara Robeco Interval Scheme Series2 (Quarterly Plan2) - Retail Plan - Dividend Option;INF760K01BI0;;10.1104;10.1104;10.1104;28-Oct-2011
110145;Canara Robeco Interval Scheme Series2 (Quarterly Plan2) - Retail Plan - Growth Option;INF760K01BJ8;;12.2302;12.2302;12.2302;28-Oct-2011
111879;Canara Robeco Short Term Fund- Institutional Plan - Growth;INF760K01688;;11.9796;11.9796;11.9796;28-Oct-2011
111880;Canara Robeco Short Term Fund- Institutional Plan - Monthly Dividend;INF760K01662;INF760K01670;10.1838;10.1838;10.1838;28-Oct-2011
112080;Canara Robeco Short Term Fund- Institutional Plan - Weekly Dividend;;INF760K01696;10.0481;10.0481;10.0481;28-Oct-2011
111883;Canara Robeco Short Term Fund- Regular Plan - Growth;INF760K01720;;11.8282;11.8282;11.8282;28-Oct-2011
111882;Canara Robeco Short Term Fund- Regular Plan - Monthly Dividend;INF760K01704;INF760K01712;10.1793;10.1793;10.1793;28-Oct-2011
112081;Canara Robeco Short Term Fund- Regular Plan - Weekly Dividend;;INF760K01738;10.1200;10.1200;10.1200;28-Oct-2011

Daiwa Mutual Fund
114530;Daiwa Treasury Advantage Fund - Daily Dividend;-;INF752K01057;1000.1084;1000.1084;1000.1084;28-Oct-2011
114529;Daiwa Treasury Advantage Fund - Growth;INF752K01040;-;1144.0505;1144.0505;1144.0505;28-Oct-2011
114532;Daiwa Treasury Advantage Fund - Monthly Dividend;INF752K01081;INF752K01073;1000.7809;1000.7809;1000.7809;28-Oct-2011
114531;Daiwa Treasury Advantage Fund - Weekly Dividend;-;INF752K01065;1001.0144;1001.0144;1001.0144;28-Oct-2011

Deutsche Mutual Fund
114975;DWS CASH OPPORTUNITIES FUND - Bonus Option;INF223J01AC6;;10.5845;10.4787;10.5845;28-Oct-2011
108195;DWS CASH OPPORTUNITIES FUND - DAILY DIV;;INF223J01AD4;10.0271;9.9268;10.0271;28-Oct-2011
106036;DWS CASH OPPORTUNITIES FUND - FORTNIGHTLY DIV;INF223J01AE2;INF223J01AF9;10.1562;10.0546;10.1562;28-Oct-2011
105973;DWS CASH OPPORTUNITIES FUND - GR;INF223J01AG7;;13.6985;13.5615;13.6985;28-Oct-2011
105974;DWS CASH OPPORTUNITIES FUND - MONTHLY DIV;INF223J01AH5;INF223J01AI3;10.3743;10.2706;10.3743;28-Oct-2011
106035;DWS CASH OPPORTUNITIES FUND - WEEKLY DIV;INF223J01AJ1;INF223J01AK9;10.1170;10.0158;10.1170;28-Oct-2011
107382;DWS CASH OPPORTUNITIES FUND INSTITUTIONAL - MONTHLY DIV;INF223J01986;INF223J01994;10.5369;10.4315;10.5369;28-Oct-2011
107380;DWS CASH OPPORTUNITIES FUND INSTITUTIONAL -GR;INF223J01978;;13.2481;13.1156;13.2481;28-Oct-2011
108243;DWS CASH OPPORTUNITIES FUND INSTITUTIONAL -Weekly;INF223J01AA0;INF223J01AB8;10.0913;9.9904;10.0913;28-Oct-2011
108244;DWS CASH OPPORTUNITIES FUND INSTITUTIONAL-Daily;;INF223J01945;10.0243;9.9241;10.0243;28-Oct-2011
106882;DWS Income Advantage Fund - Dividend;INF223J01CA6;INF223J01CB4;10.3786;10.2748;10.3786;28-Oct-2011
106881;DWS Income Advantage Fund - Growth;INF223J01BZ5;;13.2642;13.1316;13.2642;28-Oct-2011
104426;DWS Low Duration Fund - Daily Dividend;;INF223J01CC2;10.0790;9.9782;10.0790;28-Oct-2011
104425;DWS Low Duration Fund - Growth;;INF223J01CE8;10.8645;10.7559;10.8645;28-Oct-2011
104428;DWS Low Duration Fund - Monthly Dividend;INF223J01CF5;INF223J01CG3;10.7607;10.6531;10.7607;28-Oct-2011
110073;DWS Low Duration Fund - Regular Plan - Bonus;INF223J01CJ7;;11.7947;11.6768;11.7947;28-Oct-2011
104234;DWS Low Duration Fund - Regular Plan - Daily Dividend;;INF223J01CK5;10.0645;9.9639;10.0645;28-Oct-2011
103591;DWS Low Duration Fund - Regular Plan - Growth;INF223J01CL3;;14.4182;14.2740;14.4182;28-Oct-2011
103590;DWS Low Duration Fund - Regular Plan - Monthly Dividend;INF223J01CM1;INF223J01CN9;10.3042;10.2012;10.3042;28-Oct-2011
103592;DWS Low Duration Fund - Regular Plan - Weekly Dividend;INF223J01CO7;INF223J01CP4;10.1706;10.0689;10.1706;28-Oct-2011
101731;DWS Premier Bond Fund - Annual Dividend;INF223J01CY6;INF223J01CZ3;12.9732;12.7786;12.9732;28-Oct-2011
114973;DWS Premier Bond Fund - Bonus;INF223J01DA4;;10.3339;10.1789;10.3339;28-Oct-2011
101732;DWS Premier Bond Fund - Growth;INF223J01DB2;;17.1050;16.8484;17.1050;28-Oct-2011
111552;DWS Premier Bond Fund - Institutional Plan - Monthly Dividend;INF223J01CU4;INF223J01CV2;10.2391;10.0855;10.2391;28-Oct-2011
101730;DWS Premier Bond Fund - Monthly Dividend;INF223J01DC0;INF223J01DD8;12.4282;12.2418;12.4282;28-Oct-2011
101729;DWS Premier Bond Fund - Quarterly Dividend;INF223J01DE6;INF223J01DF3;11.5412;11.3681;11.5412;28-Oct-2011
114968;DWS Short Maturity Fund - Bonus;INF223J01DW8;;10.6049;10.5254;10.6049;28-Oct-2011
101627;DWS Short Maturity Fund - Growth;INF223J01DT4;;18.4287;18.2905;18.4287;28-Oct-2011
111556;DWS Short Maturity Fund - Institutional Plan - Growth;INF223J01DG1;;12.3454;12.2528;12.3454;28-Oct-2011
111557;DWS Short Maturity Fund - Institutional Plan - Monthly Dividend;INF223J01DH9;INF223J01DI7;10.0936;10.0179;10.0936;28-Oct-2011
111558;DWS Short Maturity Fund - Institutional Plan - Weekly Dividend;INF223J01DJ5;INF223J01DK3;10.4226;10.3444;10.4226;28-Oct-2011
101625;DWS Short Maturity Fund - Monthly Dividend;INF223J01DU2;INF223J01DV0;11.6174;11.5303;11.6174;28-Oct-2011
114749;DWS Short Maturity Fund - Premium Plus - Growth;INF223J01DN7;;10.6766;10.5965;10.6766;28-Oct-2011
111872;DWS Short Maturity Fund - Premium Plus - Quarterly Dividend;INF223J01DQ0;INF223J01DR8;10.2474;10.1705;10.2474;28-Oct-2011
111871;DWS Short Maturity Fund - Premium Plus Plan - Monthly Dividend;INF223J01DO5;INF223J01DP2;10.3412;10.2636;10.3412;28-Oct-2011
114759;DWS Short Maturity Fund - Premium Plus Plan - Weekly Dividend;;INF223J01DS6;10.2463;10.1695;10.2463;28-Oct-2011
101626;DWS Short Maturity Fund - Weekly Dividend;INF223J01DX6;INF223J01DY4;10.2469;10.1700;10.2469;28-Oct-2011
109301;DWS Ultra Short Term Fund - Daily Dividend;;INF223J01FH4;10.0179;10.0179;10.0179;28-Oct-2011
109302;DWS Ultra Short Term Fund - Growth;INF223J01FK8;;12.1837;12.1837;12.1837;28-Oct-2011
109303;DWS Ultra Short Term Fund - Monthly Dividend;INF223J01FL6;INF223J01FM4;10.1528;10.1528;10.1528;28-Oct-2011
110072;DWS Ultra Short Term Fund - Regular Plan - Bonus;INF223J01GA7;;10.0348;10.0348;10.0348;28-Oct-2011
107821;DWS Ultra Short Term Fund - Regular Plan - Daily Dividend;;INF223J01FW3;10.0215;10.0215;10.0215;28-Oct-2011
107820;DWS Ultra Short Term Fund - Regular Plan - Growth;INF223J01FX1;;16.7107;16.7107;16.7107;28-Oct-2011
107823;DWS Ultra Short Term Fund - Regular Plan - Monthly Dividend;INF223J01FY9;INF223J01FZ6;10.4400;10.4400;10.4400;28-Oct-2011
107822;DWS Ultra Short Term Fund - Regular Plan - Weekly Dividend;INF223J01GB5;INF223J01GC3;10.5186;10.5186;10.5186;28-Oct-2011
109300;DWS Ultra Short Term Fund - Weekly Dividend;INF223J01FO0;INF223J01FP7;10.0949;10.0949;10.0949;28-Oct-2011

DSP Mutual Fund
111785;DSP BlackRock Strategic Bond Fund - Regular Plan - Daily Dividend;;;1001.5000;1000.4985;1001.5000;28-Oct-2011
105665;DSP BlackRock Strategic Bond Fund - Regular Plan - Dividend;INF740K01QT7;INF740K01QW1;1045.6802;1044.6345;1045.6802;28-Oct-2011
105666;DSP BlackRock Strategic Bond Fund - Regular Plan - Growth;INF740K01QU5;;1300.5160;1299.2155;1300.5160;28-Oct-2011
105664;DSP BlackRock Strategic Bond Fund - Regular Plan - Monthly Dividend;INF740K01698;INF740K01QX9;1027.7253;1026.6976;1027.7253;28-Oct-2011
105877;DSP BlackRock Strategic Bond Fund - Regular Plan - Weekly Dividend;;;1003.8804;1002.8765;1003.8804;28-Oct-2011
104143;DSP BlackRock Ultra Short Fund - Institutional Plan - Daily Dividend Reinvest;;;1000.8000;1000.8000;1000.8000;28-Oct-2011
104142;DSP BlackRock Ultra Short Fund - Institutional Plan - Growth;INF740K01FS2;;1435.3667;1435.3667;1435.3667;28-Oct-2011
104141;DSP BlackRock Ultra Short Fund - Institutional Plan - Weekly Dividend;;;1000.8000;1000.8000;1000.8000;28-Oct-2011
103275;DSP Credit Risk Fund - Institutional Plan-Daily Dividend Reinvest;;;1000.6605;1000.6605;1000.6605;28-Oct-2011
103274;DSP Credit Risk Fund - Institutional Plan-Dividend;INF740K01FP8;INF740K01FO1;1023.4286;1023.4286;1023.4286;28-Oct-2011
103277;DSP Credit Risk Fund - Institutional Plan-Growth;INF740K01FN3;;1483.6912;1483.6912;1483.6912;28-Oct-2011
103276;DSP Credit Risk Fund - Institutional Plan-Weekly Dividend Reinvest;;;1000.6014;1000.6014;1000.6014;28-Oct-2011

Edelweiss Mutual Fund
109955;Edelweiss Bond Fund  - Growth Option;INF754K01AH7;;12.4229;12.4105;12.4229;28-Oct-2011
109950;Edelweiss Bond Fund - Daily Dividend Option;;INF754K01AL9;10.0002;9.9902;10.0002;28-Oct-2011
109956;Edelweiss Bond Fund - Retail Plan - Daily Dividend Option;;INF754K01AE4;10.0000;9.9900;10.0000;28-Oct-2011
109949;Edelweiss Bond Fund - Retail Plan - Growth Option;INF754K01AA2;;12.3294;12.3171;12.3294;28-Oct-2011
109958;Edelweiss Bond Fund - Retail Plan - Monthly Dividend Option;INF754K01AB0;INF754K01AD6;10.0723;10.0622;10.0723;28-Oct-2011
109951;Edelweiss Bond Fund - Retail Plan - Weekly Dividend Option;;INF754K01AF1;10.0094;9.9994;10.0094;28-Oct-2011
110287;Edelweiss Short Term Income Fund - Dividend Option;INF754K01830;INF754K01848;10.4429;10.3907;10.4429;28-Oct-2011
110285;Edelweiss Short Term Income Fund - Growth Option;INF754K01822;;12.2431;12.1819;12.2431;28-Oct-2011
110288;Edelweiss Short Term Income Fund - Institutional Plan - Dividend Option;INF754K01863;INF754K01871;10.4100;10.3580;10.4100;28-Oct-2011
110286;Edelweiss Short Term Income Fund - Institutional Plan - Growth Option;INF754K01855;;11.8111;11.7520;11.8111;28-Oct-2011

Fidelity Mutual Fund
104220;Fidelity Flexi Bond Fund - Institutional Plan Dividend Option;;;10.0000;10.0000;10.0000;28-Oct-2011
104219;Fidelity Flexi Bond Fund - Institutional Plan Growth Option;;;10.5420;10.4893;10.5420;28-Oct-2011
104218;Fidelity Flexi Bond Fund - Retail Plan Dividend Option;;;10.0102;9.9601;10.0102;28-Oct-2011
104217;Fidelity Flexi Bond Fund - Retail Plan Growth Option;;;13.2799;13.2135;13.2799;28-Oct-2011
106572;Fidelity Ultra Short Term Debt Fund - Institutional Plan - Daily Dividend Option;;INF677K01999;10.0057;9.9557;10.0057;28-Oct-2011
106571;Fidelity Ultra Short Term Debt Fund - Institutional Plan - Growth Option;;;12.8879;12.8235;12.8879;28-Oct-2011
106579;Fidelity Ultra Short Term Debt Fund - Institutional Plan - Monthly Dividend Option;INF677K01AC1;INF677K01AD9;10.0075;9.9575;10.0075;28-Oct-2011
106573;Fidelity Ultra Short Term Debt Fund - Institutional Plan - Weekly Dividend Option;INF677K01AA5;INF677K01AB3;10.0111;9.9610;10.0111;28-Oct-2011
106574;Fidelity Ultra Short Term Debt Fund - Retail Plan - Growth Option;;;13.0939;13.0284;13.0939;28-Oct-2011
106575;Fidelity Ultra Short Term Debt Fund - Retail Plan - Monthly Dividend Option;;;10.0074;9.9574;10.0074;28-Oct-2011
108409;Fidelity Ultra Short Term Debt Fund - Retail Plan - Weekly Dividend Option;;INF677K01957;10.0099;9.9599;10.0099;28-Oct-2011
106576;Fidelity Ultra Short Term Debt Fund - Super Institutional Plan - Daily Dividend Option;;;10.0144;9.9643;10.0144;28-Oct-2011
106578;Fidelity Ultra Short Term Debt Fund - Super Institutional Plan - Growth Option;;;10.0000;10.0000;10.0000;28-Oct-2011
106580;Fidelity Ultra Short Term Debt Fund - Super Institutional Plan - Monthly Dividend Option;;;10.0000;10.0000;10.0000;28-Oct-2011
106577;Fidelity Ultra Short Term Debt Fund - Super Institutional Plan - Weekly Dividend Option;INF677K01AG2;INF677K01AH0;10.0106;9.9605;10.0106;28-Oct-2011
114247;Fidelity Short Term Income Fund-Dividend Option;;;10.0238;9.9737;10.0238;28-Oct-2011
114246;Fidelity Short Term Income Fund-Growth Option;;;10.7794;10.7255;10.7794;28-Oct-2011

Franklin Templeton Mutual Fund
100551;Templeton India Children’s Asset Plan-Education Plan;INF090I01AF4;;33.2250;33.2250;33.2250;28-Oct-2011
100553;Templeton India Children’s Asset Plan-Gift Plan - Dividend;INF090I01AG2;INF090I01AH0;44.2089;44.2089;44.2089;28-Oct-2011
100552;Templeton India Children’s Asset Plan-Gift Plan - Growth;INF090I01AI8;;44.2089;44.2089;44.2089;28-Oct-2011

Goldman Sachs Mutual Fund
115753;Goldman Sachs Short Term Fund - Dividend Reinvestment Option - Daily Frequency;;INF732E01243;10.0000;10.0000;10.0000;28-Oct-2011
115754;Goldman Sachs Short Term Fund - Dividend Reinvestment Option - Weekly Frequency;;INF732E01250;10.0000;10.0000;10.0000;28-Oct-2011
115752;Goldman Sachs Short Term Fund - Growth Option;INF732E01235;;10.7432;10.7432;10.7432;28-Oct-2011

HDFC Mutual Fund
101430;HDFC Regular Savings Fund-GROWTH;INF179K01AY2;;19.8809;19.7815;19.8809;28-Oct-2011
101431;HDFC Regular Savings Fund-Monthly Dividend Option;INF179K01AW6;INF179K01AX4;10.3201;10.2685;10.3201;28-Oct-2011

HSBC Mutual Fund
102257;HSBC MIP - Regular -  Dividend - Monthly;INF336L01057;INF336L01065;10.6975;10.5905;10.6975;28-Oct-2011
102258;HSBC MIP - Regular - Dividend - Quarterly;INF336L01073;INF336L01081;11.1288;11.0175;11.1288;28-Oct-2011
102259;HSBC MIP - Regular - Growth;INF336L01040;;17.3212;17.1480;17.3212;28-Oct-2011

ICICI Prudential Mutual Fund
103062;ICICI Prudential Blended Plan B -  Dividend Option - I;INF109K01EA1;INF109K01AQ5;12.7706;12.7067;12.7706;28-Oct-2011
103061;ICICI Prudential Blended Plan B -  Growth Option - I;INF109K01AR3;;15.4359;15.3587;15.4359;28-Oct-2011
114376;ICICI Prudential Blended Plan B -  Monthly Dividend Option - I;INF109K01VV1;INF109K01ID6;10.0176;9.9675;10.0176;28-Oct-2011
114238;ICICI Prudential Blended Plan B - Daily Dividend Option - I;INF109K01VW9;;10.0075;9.9575;10.0075;28-Oct-2011
114237;ICICI Prudential Blended Plan B Institutional Daily Dividend Option - II;;INF109K01WB1;10.0075;9.9575;10.0075;28-Oct-2011
103064;ICICI Prudential Blended Plan B Institutional Dividend Option - II;INF109K01VY5;INF109K01VX7;10.8258;10.7717;10.8258;28-Oct-2011
103063;ICICI Prudential Blended Plan B Institutional Growth Option - II;INF109K01AS1;;11.1285;11.0729;11.1285;28-Oct-2011
114377;ICICI Prudential Blended Plan B Institutional Monthly Dividend Option - II;INF109K01WA3;INF109K01VZ2;10.0192;9.9691;10.0192;28-Oct-2011
101098;ICICI Prudential Child Care Plan Study - Cumulative;INF109K01597;;29.8176;29.5194;29.8176;28-Oct-2011
113055;ICICI Prudential Dynamic Bond Fund - Daily Dividend;INF109K01PJ8;;10.0070;10.0070;10.0070;28-Oct-2011
111996;ICICI Prudential Dynamic Bond Fund - Growth;INF109K01CB3;;11.4260;11.4260;11.4260;28-Oct-2011
112005;ICICI Prudential Dynamic Bond Fund - Half Yearly Dividend;INF109K01PK6;INF109K01IY2;10.2966;10.2966;10.2966;28-Oct-2011
111997;ICICI Prudential Dynamic Bond Fund - Monthly Dividend;INF109K01FE0;INF109K01CC1;10.0592;10.0592;10.0592;28-Oct-2011
111999;ICICI Prudential Dynamic Bond Fund - Premium Growth;INF109K01IZ9;;10.1796;10.1796;10.1796;28-Oct-2011
112006;ICICI Prudential Dynamic Bond Fund - Premium Half Yearly Dividend;INF109K01PO8;INF109K01JA0;10.1791;10.1791;10.1791;28-Oct-2011
112000;ICICI Prudential Dynamic Bond Fund - Premium Monthly Dividend;INF109K01PM2;INF109K01JB8;10.0242;10.0242;10.0242;28-Oct-2011
112002;ICICI Prudential Dynamic Bond Fund - Premium Plus Growth;INF109K01RW7;;11.3535;11.3535;11.3535;28-Oct-2011
112004;ICICI Prudential Dynamic Bond Fund - Premium Plus Quarterly Dividend;;INF109K01RZ0;10.1068;10.1068;10.1068;28-Oct-2011
112001;ICICI Prudential Dynamic Bond Fund - Premium Quarterly Dividend;INF109K01PN0;INF109K01JC6;10.1090;10.1090;10.1090;28-Oct-2011
111998;ICICI Prudential Dynamic Bond Fund - Quarterly Dividend;INF109K01FF7;INF109K01CD9;10.1024;10.1024;10.1024;28-Oct-2011
106290;ICICI Prudential Interval Fund - Annual Interval Plan I - Retail Dividend;INF109K01KM3;;10.1362;N.A.;N.A.;28-Oct-2011
106292;ICICI Prudential Interval Fund - Annual Interval Plan I - Retail Growth;INF109K01KL5;;13.7741;N.A.;N.A.;28-Oct-2011
106291;ICICI Prudential Interval Fund Annual Interval Plan I -  Growth;INF109K01KN1;;10.9473;N.A.;N.A.;28-Oct-2011
106293;ICICI Prudential Interval Fund Annual Interval Plan I - Dividend;INF109K01KO9;;10.1432;N.A.;N.A.;28-Oct-2011
106762;ICICI Prudential Interval Fund - Annual Interval Plan II - Retail Dividend;INF109K01KQ4;;10.2219;N.A.;N.A.;28-Oct-2011
106763;ICICI Prudential Interval Fund - Annual Interval Plan II - Retail Growth;INF109K01KP6;;13.5249;N.A.;N.A.;28-Oct-2011
106760;ICICI Prudential Interval Fund Annual Interval Plan II - Dividend;INF109K01KS0;;10.0528;N.A.;N.A.;28-Oct-2011
106761;ICICI Prudential Interval Fund Annual Interval Plan II - Growth;INF109K01KR2;;13.8886;N.A.;N.A.;28-Oct-2011
106778;ICICI Prudential Interval Fund - Annual Interval Plan III - Retail Dividend;INF109K01KU6;;10.1294;10.1294;10.1294;28-Oct-2011
106777;ICICI Prudential Interval Fund - Annual Interval Plan III - Retail Growth;INF109K01KT8;;13.5075;13.5075;13.5075;28-Oct-2011
106780;ICICI Prudential Interval Fund Annual Interval Plan III - Dividend;INF109K01KW2;;10.0275;10.0275;10.0275;28-Oct-2011
106779;ICICI Prudential Interval Fund Annual Interval Plan III - Growth;INF109K01KV4;;10.8651;10.8651;10.8651;28-Oct-2011
106832;ICICI Prudential Interval Fund - Annual Interval Plan IV - Retail Dividend;INF109K01KI1;;10.0059;10.0059;10.0059;28-Oct-2011
106833;ICICI Prudential Interval Fund - Annual Interval Plan IV - Retail Growth;INF109K01KH3;;13.4721;13.4721;13.4721;28-Oct-2011
106830;ICICI Prudential Interval Fund Annual Interval Plan IV -  Dividend;INF109K01KK7;;10.0058;10.0058;10.0058;28-Oct-2011
106831;ICICI Prudential Interval Fund Annual Interval Plan IV - Growth;INF109K01KJ9;;12.6282;12.6282;12.6282;28-Oct-2011
106852;ICICI Prudential Interval Fund - Half Yearly Interval Plan II - Retail Dividend;INF109K01LM1;;10.4342;N.A.;N.A.;28-Oct-2011
106853;ICICI Prudential Interval Fund - Half Yearly Interval Plan II - Retail Growth;INF109K01LL3;;12.9942;N.A.;N.A.;28-Oct-2011
112290;ICICI Prudential Interval Fund Half Yearly Interval Plan II - Dividend;INF109K01LJ7;INF109K01LI9;10.4512;N.A.;N.A.;28-Oct-2011
112291;ICICI Prudential Interval Fund Half Yearly Interval Plan II - Growth;INF109K01LH1;;10.8744;N.A.;N.A.;28-Oct-2011
105650;ICICI Prudential Interval Fund - Monthly Interval Plan I - Retail Dividend;INF109K01ON3;;10.0748;N.A.;N.A.;28-Oct-2011
105651;ICICI Prudential Interval Fund - Monthly Interval Plan I - Retail Growth;INF109K01OM5;;13.5418;N.A.;N.A.;28-Oct-2011
109680;ICICI Prudential Interval Fund Monthly Interval Plan I - Dividend;INF109K01OL7;INF109K01OK9;10.0765;N.A.;N.A.;28-Oct-2011
109679;ICICI Prudential Interval Fund Monthly Interval Plan I - Growth;INF109K01OJ1;;10.2359;N.A.;N.A.;28-Oct-2011
105711;ICICI Prudential Interval Fund - Quarterly Interval Plan I - Retail Dividend;INF109K01LU4;;10.1276;N.A.;N.A.;28-Oct-2011
105710;ICICI Prudential Interval Fund - Quarterly Interval Plan I - Retail Growth;INF109K01LT6;;13.8417;N.A.;N.A.;28-Oct-2011
115763;ICICI Prudential Interval Fund Quarterly Interval Plan - 1 Retail Quarterly Dividend Payout;INF109K01LW0;;10.1267;N.A.;N.A.;28-Oct-2011
111405;ICICI Prudential Interval Fund Quarterly Interval Plan 1 - Growth;INF109K01LP4;;11.0012;N.A.;N.A.;28-Oct-2011
111406;ICICI Prudential Interval Fund Quarterly Interval Plan 1 -Dividend;INF109K01LR0;INF109K01LQ2;10.1267;N.A.;N.A.;28-Oct-2011
105907;ICICI Prudential Interval Fund - Quarterly Interval Plan II - Retail Dividend;INF109K01MC0;;10.1290;N.A.;N.A.;28-Oct-2011
105908;ICICI Prudential Interval Fund - Quarterly Interval Plan II - Retail Growth;INF109K01MB2;;13.7476;N.A.;N.A.;28-Oct-2011
110203;ICICI Prudential Interval Fund II Quarterly Interval - Dividend;INF109K01LZ3;INF109K01LY6;10.1057;N.A.;N.A.;28-Oct-2011
110204;ICICI Prudential Interval Fund II Quarterly Interval - Growth;INF109K01LX8;;12.4117;N.A.;N.A.;28-Oct-2011
106141;ICICI Prudential Interval Fund - Quarterly Interval Plan III - Retail Dividend;INF109K01MK3;;10.0159;N.A.;N.A.;28-Oct-2011
106142;ICICI Prudential Interval Fund - Quarterly Interval Plan III - Retail Growth;INF109K01MJ5;;13.2342;N.A.;N.A.;28-Oct-2011
110556;ICICI Prudential Interval Fund III Quarterly Interval - Dividend;INF109K01MH9;INF109K01MG1;10.0163;N.A.;N.A.;28-Oct-2011
110555;ICICI Prudential Interval Fund III Quarterly Interval - Growth;INF109K01MF3;;11.0615;N.A.;N.A.;28-Oct-2011
106828;ICICI Prudential Interval Fund II - Quarterly Interval Plan A - Retail Dividend;INF109K01MO5;;10.2214;N.A.;N.A.;28-Oct-2011
106829;ICICI Prudential Interval Fund II - Quarterly Interval Plan A - Retail Growth;INF109K01MN7;;13.4030;N.A.;N.A.;28-Oct-2011
110664;ICICI Prudential Interval Fund II Quarterly Interval Plan A - Dividend;INF109K01MT4;INF109K01MS6;10.2255;N.A.;N.A.;28-Oct-2011
110663;ICICI Prudential Interval Fund II Quarterly Interval Plan A - Growth;INF109K01MR8;;11.0566;N.A.;N.A.;28-Oct-2011
106885;ICICI Prudential Interval Fund II - Quarterly Interval Plan B - Retail Dividend;INF109K01MW8;;10.1578;N.A.;N.A.;28-Oct-2011
106886;ICICI Prudential Interval Fund II - Quarterly Interval Plan B - Retail Growth;INF109K01MV0;;13.0874;N.A.;N.A.;28-Oct-2011
111317;ICICI Prudential Interval Fund II Quarterly Interval Plan B - Dividend;INF109K01NB0;INF109K01NA2;10.1468;N.A.;N.A.;28-Oct-2011
111316;ICICI Prudential Interval Fund II Quarterly Interval Plan B - Growth;INF109K01MZ1;;11.0061;N.A.;N.A.;28-Oct-2011
106977;ICICI Prudential Interval Fund II - Quarterly Interval Plan C - Retail Dividend;INF109K01NI5;;10.1123;N.A.;N.A.;28-Oct-2011
106976;ICICI Prudential Interval Fund II - Quarterly Interval Plan C - Retail Growth;INF109K01NH7;;13.4546;N.A.;N.A.;28-Oct-2011
109855;ICICI Prudential Interval Fund II Quarterly Interval Plan C - Dividend;INF109K01NF1;INF109K01NE4;10.1125;N.A.;N.A.;28-Oct-2011
109854;ICICI Prudential Interval Fund II Quarterly Interval Plan C - Growth;INF109K01ND6;;10.3866;N.A.;N.A.;28-Oct-2011
107138;ICICI Prudential Interval Fund II - Quarterly Interval Plan D - Retail Dividend;INF109K01NQ8;;10.1450;N.A.;N.A.;28-Oct-2011
107139;ICICI Prudential Interval Fund II - Quarterly Interval Plan D - Retail Growth;INF109K01NP0;;14.3141;N.A.;N.A.;28-Oct-2011
110014;ICICI Prudential Interval Fund II Quarterly Interval Plan D - Dividend;INF109K01NN5;INF109K01NM7;10.0709;N.A.;N.A.;28-Oct-2011
110013;ICICI Prudential Interval Fund II Quarterly Interval Plan D - Growth;INF109K01NL9;;11.0528;N.A.;N.A.;28-Oct-2011
114929;ICICI Prudential Interval Fund II Quarterly Interval Plan D - Quarterly Dividend Payout;INF109K01NO3;;10.0709;N.A.;N.A.;28-Oct-2011
107309;ICICI Prudential Interval Fund II - Quarterly Interval Plan F - Retail Dividend;INF109K01NU0;;10.1442;N.A.;N.A.;28-Oct-2011
107310;ICICI Prudential Interval Fund II - Quarterly Interval Plan F - Retail Growth;INF109K01NT2;;13.0114;N.A.;N.A.;28-Oct-2011
110384;ICICI Prudential Interval Fund II Quarterly Interval Plan F - Dividend;INF109K01NZ9;INF109K01NY2;10.0761;N.A.;N.A.;28-Oct-2011
110383;ICICI Prudential Interval Fund II Quarterly Interval Plan F - Growth;INF109K01NX4;;11.2988;N.A.;N.A.;28-Oct-2011
115927;ICICI Prudential Interval Fund II Quarterly Interval Plan F Retail Quarterly Dividend Payout;INF109K01NW6;;10.0779;N.A.;N.A.;28-Oct-2011
110345;ICICI Prudential Interval Fund IV - Quarterly Interval Plan B - Retail Dividend;INF109K01OG7;;10.0809;N.A.;N.A.;28-Oct-2011
110348;ICICI Prudential Interval Fund IV - Quarterly Interval Plan B - Retail Growth;INF109K01OF9;;12.4562;N.A.;N.A.;28-Oct-2011
110346;ICICI Prudential Interval Fund IV Quarterly Interval Plan B - Growth;INF109K01OB8;;11.3373;N.A.;N.A.;28-Oct-2011
110347;ICICI Prudential Interval Fund IV Quarterly Interval Plan B -Dividend;INF109K01OD4;INF109K01OE2;10.0832;N.A.;N.A.;28-Oct-2011
115022;ICICI Prudential Interval Fund Quarterly Interval Plan - II Retail Quarterly Dividend Payout;INF109K01ME6;;10.1028;N.A.;N.A.;28-Oct-2011
110048;ICICI Prudential Interval Fund V - Monthly Interval Plan A - Retail Dividend;INF109K01OU8;;10.0070;N.A.;N.A.;28-Oct-2011
110047;ICICI Prudential Interval Fund V - Monthly Interval Plan A - Retail Growth;INF109K01OS2;;12.2619;N.A.;N.A.;28-Oct-2011
110046;ICICI Prudential Interval Fund V Monthly Interval Plan A - Dividend;INF109K01OR4;INF109K01OQ6;10.0071;N.A.;N.A.;28-Oct-2011
110045;ICICI Prudential Interval Fund V Monthly Interval Plan A - Growth;INF109K01OP8;;11.1614;N.A.;N.A.;28-Oct-2011
100955;ICICI Prudential MIP - Dividend Half Yearly;INF109K01FG5;INF109K01548;12.4718;12.4094;12.4718;28-Oct-2011
100953;ICICI Prudential MIP - Dividend Monthly;INF109K01FH3;INF109K01522;11.4431;11.3859;11.4431;28-Oct-2011
100954;ICICI Prudential MIP - Dividend Quarterly;INF109K01FI1;INF109K01530;12.3858;12.3239;12.3858;28-Oct-2011
100952;ICICI Prudential MIP - Growth;INF109K01555;;26.4239;26.2918;26.4239;28-Oct-2011

ING Mutual Fund
100180;ING Income Fund- Regular Plan - Dividend Option (Annual);INF084M01762;INF084M01770;10.7381;10.7381;10.7381;28-Oct-2011
100182;ING Income Fund-Institutional Plan - Dividend Option (Half Yearly);INF084M01812;INF084M01820;10.0000;10.0000;10.0000;28-Oct-2011
100183;ING Income Fund-Institutional Plan - Dividend Option (Quarterly);INF084M01796;INF084M01804;10.0000;10.0000;10.0000;28-Oct-2011
100187;ING Income Fund-Institutional Plan - Growth Option;INF084M01788;;11.1730;11.1730;11.1730;28-Oct-2011
100184;ING Income Fund-Institutional Plan -Dividend Option (Annual);INF084M01838;INF084M01846;10.0000;10.0000;10.0000;28-Oct-2011
100179;ING Income Fund-Regular Plan -Dividend Option (Half Yearly);INF084M01747;INF084M01754;10.4250;10.4250;10.4250;28-Oct-2011
100178;ING Income Fund-Regular Plan -Dividend Option (Quarterly);INF084M01721;INF084M01739;11.4591;11.4591;11.4591;28-Oct-2011
100181;ING Income Fund-Regular Plan -Growth Option;INF084M01713;;26.5154;26.5154;26.5154;28-Oct-2011
102236;ING MIP Fund-Annual Dividend Option;INF084M01994;INF084M01AA0;10.8257;10.8257;10.8257;28-Oct-2011
102232;ING MIP Fund-Growth Option;INF084M01929;;14.8727;14.8727;14.8727;28-Oct-2011
102235;ING MIP Fund-Half Yearly Dividend Option;INF084M01978;INF084M01986;10.7921;10.7921;10.7921;28-Oct-2011
102233;ING MIP Fund-Monthly Dividend Option;INF084M01937;INF084M01945;10.4493;10.4493;10.4493;28-Oct-2011
102234;ING MIP Fund-Quarterly Dividend Option;INF084M01952;INF084M01960;11.3640;11.3640;11.3640;28-Oct-2011
101550;ING Short Term Income Fund -Dividend Option;INF084M01697;INF084M01705;12.3983;12.3983;12.3983;28-Oct-2011
101288;ING Short Term Income Fund-Growth Option;INF084M01689;;19.1912;19.1912;19.1912;28-Oct-2011
105212;ING Treasury Advantage Fund - Institutional Daily Dividend Option;INF084M01622;;10.0033;10.0033;10.0033;28-Oct-2011
105207;ING Treasury Advantage Fund - Institutional Growth Option;INF084M01614;;13.8054;13.8054;13.8054;28-Oct-2011
105209;ING Treasury Advantage Fund - Institutional Monthly Dividend Option;INF084M01648;INF084M01655;10.0000;10.0000;10.0000;28-Oct-2011
105213;ING Treasury Advantage Fund - Institutional Quarterly Dividend Option;INF084M01663;INF084M01671;10.0000;10.0000;10.0000;28-Oct-2011
105208;ING Treasury Advantage Fund - Institutional Weekly Dividend Option;INF084M01630;;10.0000;10.0000;10.0000;28-Oct-2011
105203;ING Treasury Advantage Fund - Regular Daily Dividend Option;INF084M01556;;10.0026;10.0026;10.0026;28-Oct-2011
105210;ING Treasury Advantage Fund - Regular Growth Option;INF084M01549;;13.7689;13.7689;13.7689;28-Oct-2011
105204;ING Treasury Advantage Fund - Regular Monthly Dividend Option;INF084M01572;INF084M01580;10.6529;10.6529;10.6529;28-Oct-2011
105205;ING Treasury Advantage Fund - Regular Quarterly Dividend Option;INF084M01598;INF084M01606;10.5472;10.5472;10.5472;28-Oct-2011
105211;ING Treasury Advantage Fund - Regular Weekly Dividend Option;INF084M01564;;10.0484;10.0484;10.0484;28-Oct-2011

Invesco Mutual Fund
112886;Religare Invesco Monthly Income Plan - Growth Option;INF205K01TU3;;10.7551;10.6475;10.7551;28-Oct-2011
112884;Religare Invesco Monthly Income Plan - Monthly Dividend;INF205K01TV1;INF205K01TW9;10.1582;10.0566;10.1582;28-Oct-2011

JM Financial Mutual Fund
102026;JM MIP FUND-Annual Dividend;INF192K01AI8;INF192K01AJ6;12.6894;12.6894;12.6894;28-Oct-2011
102027;JM MIP FUND-Growth;INF192K01AK4;;15.7955;15.7955;15.7955;28-Oct-2011
102024;JM MIP FUND-Monthly Dividend;INF192K01AE7;INF192K01AF4;10.2772;10.2772;10.2772;28-Oct-2011
102025;JM MIP FUND-Quarterly Dividend;INF192K01AG2;INF192K01AH0;11.9019;11.9019;11.9019;28-Oct-2011

JPMorgan Mutual Fund
109184;JPMorgan India Active Bond Fund - Retail Plan - Dividend Option;INF843K01351;INF843K01369;10.8620;10.8348;10.8620;28-Oct-2011
109175;JPMorgan India Active Bond Fund - Retail Plan - Growth Option;INF843K01344;;11.5398;11.5110;11.5398;28-Oct-2011
112787;JPMorgan India Short Term Income Fund - Regular Plan - Fortnightly Dividend Option;;INF843K01401;10.0562;10.0059;10.0562;28-Oct-2011
112784;JPMorgan India Short Term Income Fund - Regular Plan - Growth Option;INF843K01419;;11.2539;11.1976;11.2539;28-Oct-2011
112789;JPMorgan India Short Term Income Fund - Regular Plan - Monthly Dividend Option;INF843K01435;INF843K01427;10.0498;9.9996;10.0498;28-Oct-2011
112785;JPMorgan India Short Term Income Fund - Regular Plan - Weekly Dividend Option;;INF843K01443;10.0231;9.9730;10.0231;28-Oct-2011
106563;JPMorgan India Treasury Fund - Retail Plan - Daily Dividend Option;;INF843K01302;10.0353;10.0353;10.0353;28-Oct-2011
106564;JPMorgan India Treasury Fund - Retail Plan - Growth Option;INF843K01294;;12.3094;12.3094;12.3094;28-Oct-2011
109182;JPMorgan India Treasury Fund - Retail Plan - Monthly Dividend Option;;INF843K01336;10.0392;10.0392;10.0392;28-Oct-2011
109180;JPMorgan India Treasury Fund - Retail Plan - Weekly Dividend Option;;INF843K01310;10.0787;10.0787;10.0787;28-Oct-2011
110157;JPMorgan India Treasury Fund - Super Institutional Plan - Daily Dividend Option;;INF843K01252;10.0089;10.0089;10.0089;28-Oct-2011
110156;JPMorgan India Treasury Fund - Super Institutional Plan - Growth Option;INF843K01245;;13.4902;13.4902;13.4902;28-Oct-2011
110155;JPMorgan India Treasury Fund - Super Institutional Plan - Monthly Dividend Option;INF843K01534;INF843K01286;10.0142;10.0142;10.0142;28-Oct-2011
110158;JPMorgan India Treasury Fund - Super Institutional Plan - Weekly Dividend Option;INF843K01518;INF843K01260;10.0715;10.0715;10.0715;28-Oct-2011

Kotak Mahindra Mutual Fund
112883;Kotak Credit Opportunities Fund - Annual Dividend;;;10.6662;10.4529;10.6662;28-Oct-2011
112880;Kotak Credit Opportunities Fund - Growth;;;10.9768;10.7573;10.9768;28-Oct-2011
112879;Kotak Credit Opportunities Fund - Monthly Dividend;;;10.0993;9.8973;10.0993;28-Oct-2011
112882;Kotak Credit Opportunities Fund - Quarterly Dividend;;;10.1984;9.9944;10.1984;28-Oct-2011
112881;Kotak Credit Opportunities Fund - Weekly Dividend;;;10.0194;9.819;10.0194;28-Oct-2011
102867;Kotak Flexi-Debt - Regular Plan - Dividend;;INF174K01EW9;10.4185;10.4185;10.4185;28-Oct-2011
102868;Kotak Flexi-Debt - Regular Plan - Growth;INF174K01EV1;;15.9037;15.9037;15.9037;28-Oct-2011
102869;Kotak Flexi-Debt- Regular Plan - Daily Dividend;INF174K01EZ2;INF174K01EY5;10.1604;10.1604;10.1604;28-Oct-2011
108372;Kotak Flexi Debt - Regular Plan- Weekly Dividend;;INF174K01EX7;10.0436;10.0436;10.0436;28-Oct-2011
114383;Kotak Multi Asset Allocation Fund-Annual Dividend;INF174K01989;INF174K01955;10.6825;10.6825;10.6825;28-Oct-2011
114382;Kotak Multi Asset Allocation Fund-Growth;INF174K01922;;10.705;10.705;10.705;28-Oct-2011
114385;Kotak Multi Asset Allocation Fund-Monthly Dividend;INF174K01963;INF174K01930;10.6002;10.6002;10.6002;28-Oct-2011
114384;Kotak Multi Asset Allocation Fund-Quarterly Dividend;INF174K01971;INF174K01948;10.5939;10.5939;10.5939;28-Oct-2011
106662;Kotak Quarterly Interval Plan Series 1 - Dividend;INF174K01BJ2;INF174K01BK0;10.1078;10.0067;10.1078;28-Oct-2011
106661;Kotak Quarterly Interval Plan Series 1 - Growth;INF174K01BI4;;13.6507;13.5142;13.6507;28-Oct-2011
110673;Kotak Quarterly Interval Plan Series 10 - Dividend;INF174K01CL6;;10.0466;9.9461;10.0466;28-Oct-2011
110674;Kotak Quarterly Interval Plan Series 10 - Growth;INF174K01CJ0;;12.108;11.9869;12.108;28-Oct-2011
106734;Kotak Quarterly Interval Plan Series 2 - Dividend;INF174K01BM6;INF174K01BN4;10.0947;9.9938;10.0947;28-Oct-2011
106735;Kotak Quarterly Interval Plan Series 2 - Growth;INF174K01BL8;;13.5944;13.4585;13.5944;28-Oct-2011
107092;Kotak Quarterly Interval Plan Series 3 - Dividend;INF174K01BP9;INF174K01BQ7;10.1923;10.0904;10.1923;28-Oct-2011
107093;Kotak Quarterly Interval Plan Series 3 - Growth;INF174K01BO2;;13.3151;13.1819;13.3151;28-Oct-2011
107211;Kotak Quarterly Interval Plan Series 4 - Dividend;INF174K01BS3;INF174K01BT1;10.1323;10.031;10.1323;28-Oct-2011
107212;Kotak Quarterly Interval Plan Series 4 - Growth;INF174K01BR5;;13.3425;13.2091;13.3425;28-Oct-2011
107486;Kotak Quarterly Interval Plan Series 5-Dividend;INF174K01BV7;INF174K01BW5;10.0202;9.92;10.0202;28-Oct-2011
107485;Kotak Quarterly Interval Plan Series 5-Growth;INF174K01BU9;;13.0743;12.9436;13.0743;28-Oct-2011
107631;Kotak Quarterly Interval Plan Series 6 - Dividend;INF174K01BY1;INF174K01BZ8;10.1953;10.0933;10.1953;28-Oct-2011
107632;Kotak Quarterly Interval Plan Series 6 - Growth;INF174K01BX3;;13.2405;13.1081;13.2405;28-Oct-2011
109982;Kotak Quarterly Interval Plan Series 7 - Dividend;INF174K01CB7;INF174K01CC5;10.1577;10.0561;10.1577;28-Oct-2011
109981;Kotak Quarterly Interval Plan Series 7 - Growth;INF174K01CA9;;12.4609;12.3363;12.4609;28-Oct-2011
110258;Kotak Quarterly Interval Plan Series 8 - Dividend;INF174K01CE1;INF174K01CF8;10.1257;10.0244;10.1257;28-Oct-2011
110259;Kotak Quarterly Interval Plan Series 8 - Growth;INF174K01CD3;;12.4034;12.2794;12.4034;28-Oct-2011
110569;Kotak Quarterly Interval Plan Series 9 - Dividend;INF174K01CH4;INF174K01CI2;10.0451;9.9446;10.0451;28-Oct-2011
110570;Kotak Quarterly Interval Plan Series 9 - Growth;INF174K01CG6;;12.2287;12.1064;12.2287;28-Oct-2011

LIC Mutual Fund
102816;LIC NOMURA MF Floater MIP - Growth;INF767K01600;;18.7793;18.5915;18.7793;28-Oct-2011
102813;LIC NOMURA MF Floater MIP - Monthly Dividend;INF767K01618;INF767K01626;10.1952;10.0932;10.1952;28-Oct-2011
102814;LIC NOMURA MF Floater MIP - Quarterly Dividend;INF767K01634;INF767K01642;10.3864;10.2825;10.3864;28-Oct-2011
102815;LIC NOMURA MF Floater MIP - Yearly Dividend;INF767K01584;INF767K01592;10.5232;10.4180;10.5232;28-Oct-2011

Mirae Asset Mutual Fund
112017;Mirae Asset Short Term Bond Fund - Regular - Growth Option;INF769K01168;;10.9401;10.9127;10.9401;28-Oct-2011
112020;Mirae Asset Short Term Bond Fund - Regular - Mly Dividend Option;INF769K01226;;10.0644;10.0392;10.0644;28-Oct-2011
112058;Mirae Asset Short Term Bond Fund - Regular - Quarterly Dividend Reinvestment Option;;INF769K01218;10.6743;10.6476;10.6743;28-Oct-2011
112056;Mirae Asset Short Term Bond Fund - Regular - Weekly Dividend Reinvestment Option;;INF769K01184;10.0705;10.0453;10.0705;28-Oct-2011

Morgan Stanley Mutual Fund
111965;Morgan Stanley Active Bond Fund- Regular Growth Plan;INF063A01084;;10.6984;10.6984;10.6984;28-Oct-2011
111966;Morgan Stanley Active Bond Fund- Regular- Dividend- Quarterly;INF063A01092;INF063A01100;10.6984;10.6984;10.6984;28-Oct-2011
111951;Morgan Stanley Short Term Bond Fund- Institutional Plus- Dividend- Monthly;INF063A01191;INF063A01209;10.1246;10.1246;10.1246;28-Oct-2011
111952;Morgan Stanley Short Term Bond Fund- Institutional Plus- Dividend- Weekly;;INF063A01183;10.0910;10.0910;10.0910;28-Oct-2011
111953;Morgan Stanley Short Term Bond Fund- Institutional Plus- Growth;INF063A01175;;11.6858;11.6858;11.6858;28-Oct-2011
111949;Morgan Stanley Short Term Bond Fund- Regular- Dividend Monthly;INF063A01159;INF063A01167;10.1301;10.1301;10.1301;28-Oct-2011
112973;Morgan Stanley Short Term Bond Fund- Regular- Dividend- Weekly;;INF063A01217;10.0857;10.0857;10.0857;28-Oct-2011
111950;Morgan Stanley Short Term Bond Fund- Regular- Growth;INF063A01142;;11.5950;11.5950;11.5950;28-Oct-2011

PGIM India Mutual Fund
114805;DHFL Pramerica Dynamic Monthly Income Fund - Dividend Option;INF663L01336;INF663L01328;10.1933;10.0914;10.1933;28-Oct-2011
114804;DHFL Pramerica Dynamic Monthly Income Fund - Growth Option;INF663L01310;;10.3121;10.2090;10.3121;28-Oct-2011
114584;DHFL Pramerica Short Term Income Fund - Fortnightly Dividend Option;;INF663L01237;1002.9578;997.9430;1002.9578;28-Oct-2011
114587;DHFL Pramerica Short Term Income Fund - Growth Option;INF663L01211;;1078.3411;1072.9494;1078.3411;28-Oct-2011
114585;DHFL Pramerica Short Term Income Fund - Monthly Dividend Option;INF663L01260;INF663L01245;1002.7118;997.6982;1002.7118;28-Oct-2011
115702;DHFL Pramerica Short Term Income Fund - Quarterly Dividend Opt;INF663L01278;INF663L01252;1011.5275;1006.4699;1011.5275;28-Oct-2011
114583;DHFL Pramerica Short Term Income Fund - Weekly Dividend Option;;INF663L01229;1003.9058;998.8863;1003.9058;28-Oct-2011
115336;DHFL Pramerica Treasury Advantage Fund - Daily Dividend Option;;INF663L01385;1001.3000;991.2870;1001.3000;28-Oct-2011
115616;DHFL Pramerica Treasury Advantage Fund - Fortnightly Dividend Opt;INF663L01427;INF663L01401;1000.7027;990.6957;1000.7027;28-Oct-2011
115340;DHFL Pramerica Treasury Advantage Fund - Growth Option;INF663L01377;;1038.2861;1027.9032;1038.2861;28-Oct-2011
115339;DHFL Pramerica Treasury Advantage Fund - Monthly Dividend Option;INF663L01435;INF663L01419;1000.7893;990.7814;1000.7893;28-Oct-2011
115337;DHFL Pramerica Treasury Advantage Fund - Weekly Dividend Option;;INF663L01393;1001.6085;991.5924;1001.6085;28-Oct-2011
113360;DHFL Pramerica Ultra Short Term Bond Fund - Daily Dividend Option;;INF663L01153;1000.3500;1000.3500;1000.3500;28-Oct-2011
113357;DHFL Pramerica Ultra Short Term Bond Fund - Fortnightly Dividend Option;INF663L01195;INF663L01179;1000.0905;1000.0905;1000.0905;28-Oct-2011
113359;DHFL Pramerica Ultra Short Term Bond Fund - Growth Option;INF663L01146;;1098.4671;1098.4671;1098.4671;28-Oct-2011
113358;DHFL Pramerica Ultra Short Term Bond Fund - Monthly Dividend Option;INF663L01203;INF663L01187;1000.1182;1000.1182;1000.1182;28-Oct-2011
113356;DHFL Pramerica Ultra Short Term Bond Fund - Weekly Dividend Option;;INF663L01161;1000.8320;1000.8320;1000.8320;28-Oct-2011

PineBridge Mutual Fund
107718;PineBridge India Short Term Fund- Standard Plan-Growth Option;INF178L01202;;1244.4476;1241.3365;1244.4476;28-Oct-2011
107720;PineBridge India Short Term Fund- Standard Plan-Monthly Dividend Option;INF178L01210;INF178L01228;1001.7821;999.2776;1001.7821;28-Oct-2011
107722;PineBridge India Short Term Fund- Standard Plan-Weekly Dividend Option;;INF178L01236;1002.0737;999.5685;1002.0737;28-Oct-2011
107715;PineBridge India Short Term Fund-Retail Plan-Growth Option;INF178L01160;;1283.9050;1280.6952;1283.9050;28-Oct-2011
107721;PineBridge India Short Term Fund-Retail Plan-Monthly Dividend Option;INF178L01178;INF178L01186;1001.7574;999.2530;1001.7574;28-Oct-2011
107717;PineBridge India Short Term Fund-Retail Plan-Weekly Dividend Option;;INF178L01194;1002.0407;999.5356;1002.0407;28-Oct-2011
106524;PineBridge India Total Return Bond Fund- Institutional Plan-Daily Dividend Option;;INF178L01913;10.0110;10.0110;10.0110;28-Oct-2011
106523;PineBridge India Total Return Bond Fund- Institutional Plan-Growth Option;INF178L01921;;13.3667;13.3667;13.3667;28-Oct-2011
106525;PineBridge India Total Return Bond Fund- Institutional Plan-Monthly Dividend Option;INF178L01947;INF178L01939;10.0181;10.0181;10.0181;28-Oct-2011
106535;PineBridge India Total Return Bond Fund- Institutional Plan-Weekly Dividend Option;;INF178L01970;10.0204;10.0204;10.0204;28-Oct-2011
106530;PineBridge India Total Return Bond Fund- Retail Plan- Monthly Dividend Option;INF178L01863;INF178L01855;10.0178;10.0178;10.0178;28-Oct-2011
106531;PineBridge India Total Return Bond Fund- Retail Plan- Quarterly Dividend Option;INF178L01889;INF178L01871;10.1005;10.1005;10.1005;28-Oct-2011
106522;PineBridge India Total Return Bond Fund- Retail Plan- Weekly Dividend Option;;INF178L01897;10.0201;10.0201;10.0201;28-Oct-2011
106534;PineBridge India Total Return Bond Fund- Retail Plan-Daily Dividend Option;;INF178L01830;10.0110;10.0110;10.0110;28-Oct-2011
106521;PineBridge India Total Return Bond Fund- Retail Plan-Growth Option;INF178L01848;;13.1908;13.1908;13.1908;28-Oct-2011
106527;PineBridge India Total Return Bond Fund- Standard Plan-Daily Dividend Option;;INF178L01BU8;10.0110;10.0110;10.0110;28-Oct-2011
106533;PineBridge India Total Return Bond Fund- Standard Plan-Growth Option;INF178L01BO1;;13.4219;13.4219;13.4219;28-Oct-2011
106538;PineBridge India Total Return Bond Fund- Standard Plan-Monthly Dividend Option;INF178L01BQ6;INF178L01BP8;10.0181;10.0181;10.0181;28-Oct-2011
106537;PineBridge India Total Return Bond Fund- Standard Plan-Weekly Dividend Option;;INF178L01BT0;10.0205;10.0205;10.0205;28-Oct-2011

Principal Mutual Fund
106891;Principal Bank CD Fund - Growth Option;INF173K01BE5;;13.2649;13.2317;13.2649;28-Oct-2011
106892;Principal Bank CD Fund -Div Option-monthly;INF173K01BF2;INF173K01BG0;10.8598;10.8327;10.8598;28-Oct-2011

Sahara Mutual Fund
107234;Sahara Classic Fund- Dividend Option;INF515L01411;INF515L01429;14.2600;14.2600;14.2600;28-Oct-2011
107233;Sahara Classic Fund- Growth Option;INF515L01437;;14.2606;14.2606;14.2606;28-Oct-2011
101403;Sahara Income Fund-Dividend;INF515L01015;INF515L01023;16.3155;16.3155;16.3155;28-Oct-2011
101404;Sahara Income Fund-Growth;INF515L01031;;19.8101;19.8101;19.8101;28-Oct-2011
110261;SAHARA INTERVAL FUND QUARTERLY PLAN-SERIES 1 DIVIDEND;INF515L01502;INF515L01510;12.4954;12.4954;12.4954;28-Oct-2011
110260;SAHARA INTERVAL FUND QUARTERLY PLAN-SERIES 1 GROWTH;INF515L01528;;12.4955;12.4955;12.4955;28-Oct-2011
111781;SAHARA SHORT TERM BOND FUND- DIVIDEND REINVESTMENT;;INF515L01536;10.1608;10.1608;10.1608;28-Oct-2011
111782;SAHARA SHORT TERM BOND FUND-GROWTH;INF515L01544;;12.4441;12.4441;12.4441;28-Oct-2011

SBI Mutual Fund
102056;SBI Magnum Income Plus Fund - Savings Plan (D);INF200K01750;INF200K01768;10.7005;10.5935;10.7005;28-Oct-2011
102055;SBI Magnum Income Plus Fund - Savings Plan (G);INF200K01743;;11.7047;11.5877;11.7047;28-Oct-2011

Sundaram Mutual Fund
106553;SUNDARAM FIXED INCOME INTERVAL FUND QTRLY PLAN A INST  DIVIDEND;INF903J01BV1;;10.1299;10.1299;0.0000;28-Oct-2011
106555;SUNDARAM FIXED INCOME INTERVAL FUND QTRLY PLAN A INST  GROWTH;INF903J01BU3;;13.3361;13.3361;0.0000;28-Oct-2011
106556;SUNDARAM FIXED INCOME INTERVAL FUND QTRLY PLAN A REGULAR DIVIDEND;INF903J01BT5;;10.1299;10.1299;0.0000;28-Oct-2011
106554;SUNDARAM FIXED INCOME INTERVAL FUND QTRLY PLAN A REGULAR GROWTH;INF903J01BS7;;13.3413;13.3413;0.0000;28-Oct-2011
106701;SUNDARAM FIXED INCOME INTERVAL FUND QTRLY PLAN B INST DIVIDEND;INF903J01BZ2;;10.0976;10.0976;0.0000;28-Oct-2011
106703;SUNDARAM FIXED INCOME INTERVAL FUND QTRLY PLAN B INST GROWTH;INF903J01BY5;;13.4649;13.4649;0.0000;28-Oct-2011
106700;SUNDARAM FIXED INCOME INTERVAL FUND QTRLY PLAN B REGULAR  DIVIDEND;INF903J01BX7;;10.0974;10.0974;0.0000;28-Oct-2011
106702;SUNDARAM FIXED INCOME INTERVAL FUND QTRLY PLAN B REGULAR  GROWTH;INF903J01BW9;;13.4630;13.4630;0.0000;28-Oct-2011

Tata Mutual Fund
106133;Tata Corporate Bond Fund Super High Investment Plan Daily Dividend;;INF277K01AF3;1010.3171;1010.3171;1010.3171;28-Oct-2011
107126;Tata Fixed Income Portfolio Fund - Scheme A2 - Regular Plan - Growth;INF277K01JK4;;12.8261;12.7940;12.8261;28-Oct-2011
107125;Tata Fixed Income Portfolio Fund - Scheme A2 - Regular Plan - Monthly Dividend;INF277K01JL2;INF277K01JM0;10.1807;10.1552;10.1807;28-Oct-2011
107129;Tata Fixed Income Portfolio Fund - Scheme A3 - Regular Plan - Growth;INF277K01JQ1;;12.3849;12.3539;12.3849;28-Oct-2011
107130;Tata Fixed Income Portfolio Fund - Scheme A3 - Regular Plan - Monthly Dividend;INF277K01JR9;INF277K01JS7;10.2174;10.1919;10.2174;28-Oct-2011
107146;Tata Fixed Income Portfolio Fund - Scheme B2 - Regular Plan - Growth;INF277K01JY5;;13.0266;12.9615;13.0266;28-Oct-2011
107145;Tata Fixed Income Portfolio Fund - Scheme B2 - Regular Plan - Monthly Dividend;INF277K01JZ2;INF277K01KA3;10.1452;10.0945;10.1452;28-Oct-2011
107144;Tata Fixed Income Portfolio Fund - Scheme B2 - Regular Plan - Quarterly Dividend;INF277K01KB1;INF277K01KC9;10.1786;10.1277;10.1786;28-Oct-2011
107150;Tata Fixed Income Portfolio Fund - Scheme B3 - Regular Plan - Growth;INF277K01KI6;;13.9629;13.8931;13.9629;28-Oct-2011
107151;Tata Fixed Income Portfolio Fund - Scheme B3 - Regular Plan - Monthly Dividend;INF277K01KJ4;INF277K01KK2;10.0746;10.0242;10.0746;28-Oct-2011
107152;Tata Fixed Income Portfolio Fund - Scheme B3 - Regular Plan - Quarterly Dividend;INF277K01KL0;INF277K01KM8;10.2752;10.2238;10.2752;28-Oct-2011
107162;Tata Fixed Income Portfolio Fund - Scheme C2 - Regular Plan - Growth;INF277K01KS5;;12.3100;12.2177;12.3100;28-Oct-2011
107164;Tata Fixed Income Portfolio Fund - Scheme C2 - Regular Plan - Half Yearly Dividend;INF277K01KT3;INF277K01KU1;10.0735;9.9979;10.0735;28-Oct-2011
107163;Tata Fixed Income Portfolio Fund - Scheme C2 - Regular Plan - Monthly Dividend;INF277K01KV9;INF277K01KW7;10.1005;10.0247;10.1005;28-Oct-2011
107168;Tata Fixed Income Portfolio Fund - Scheme C3 - Regular Plan - Growth;INF277K01LC7;;13.5482;13.4466;13.5482;28-Oct-2011
107170;Tata Fixed Income Portfolio Fund - Scheme C3 - Regular Plan - Half Yearly Dividend;INF277K01LD5;INF277K01LE3;10.6598;10.5799;10.6598;28-Oct-2011
107169;Tata Fixed Income Portfolio Fund - Scheme C3 - Regular Plan - Monthly Dividend;INF277K01LF0;INF277K01LG8;10.2857;10.2086;10.2857;28-Oct-2011
107121;Tata Fixed Income Portfolio Fund Scheme A1 Plan A - Growth;INF277K01JB3;;12.0041;11.9741;12.0041;28-Oct-2011
107122;Tata Fixed Income Portfolio Fund Scheme A1 Plan A - Monthly Dividend;INF277K01JC1;INF277K01JD9;10.1788;10.1534;10.1788;28-Oct-2011
107124;Tata Fixed Income Portfolio Fund Scheme A2 Plan A -  Monthly Dividend;INF277K01JI8;INF277K01JJ6;10.0599;10.0348;10.0599;28-Oct-2011
107127;Tata Fixed Income Portfolio Fund Scheme A3 Regular Plan  - Growth;INF277K01JN8;;11.1618;11.1339;11.1618;28-Oct-2011
107128;Tata Fixed Income Portfolio Fund Scheme A3 Regular Plan - Monthly Dividend;INF277K01JO6;INF277K01JP3;10.0214;9.9963;10.0214;28-Oct-2011
107142;Tata Fixed Income Portfolio Fund Scheme B2 Plan A - Monthly Dividend;INF277K01JU3;INF277K01JV1;10.0774;10.0270;10.0774;28-Oct-2011
107143;Tata Fixed Income Portfolio Fund Scheme B2 Plan A - Quarterly Dividend;INF277K01JW9;INF277K01JX7;10.1517;10.1009;10.1517;28-Oct-2011
107141;Tata Fixed Income Portfolio Fund Scheme B2 Regular Plan - Growth;INF277K01JT5;;10.6446;10.5914;10.6446;28-Oct-2011
107147;Tata Fixed Income Portfolio Fund Scheme B3 Regular Plan - Growth;INF277K01KD7;;11.0127;10.9576;11.0127;28-Oct-2011
107149;Tata Fixed Income Portfolio Fund Scheme B3 Regular Plan - Quarterly Dividend;INF277K01KE5;INF277K01KF2;10.0734;10.0230;10.0734;28-Oct-2011
107161;Tata Fixed Income Portfolio Fund Scheme C2 Regular Plan - Half Yearly Dividend;INF277K01KO4;INF277K01KP1;10.0681;9.9926;10.0681;28-Oct-2011
107159;Tata Fixed Income Portfolio Fund Scheme C2 Regular Plan - Growth;INF277K01KN6;;10.4688;10.3903;10.4688;28-Oct-2011
107160;Tata Fixed Income Portfolio Fund Scheme C2 Regular Plan - Monthly Dividend;INF277K01KQ9;INF277K01KR7;10.0060;9.9310;10.0060;28-Oct-2011
107165;Tata Fixed Income Portfolio Fund Scheme C3 Regular Plan - Growth;INF277K01KX5;;10.3998;10.3218;10.3998;28-Oct-2011
107167;Tata Fixed Income Portfolio Fund Scheme C3 Regular Plan  - Half Yearly  Dividend;INF277K01KY3;INF277K01KZ0;10.4000;10.3220;10.4000;28-Oct-2011
102280;Tata M I P Plus Fund - Regular Plan-Monthly Dividend;INF277K01EC2;INF277K01873;10.8938;10.7849;10.8938;28-Oct-2011
102281;Tata M I P Plus Fund -Regular Plan- Quarterly Dividend;INF277K01ED0;INF277K01881;10.9315;10.8222;10.9315;28-Oct-2011
102282;Tata M I P Plus Fund -Regular Plan- Half Yearly Dividend;INF277K01EB4;INF277K01865;11.6501;11.5336;11.6501;28-Oct-2011
102283;Tata MIP Plus Fund -Regular Plan - Growth;INF277K01857;;16.2114;16.0493;16.2114;28-Oct-2011
106136;Tata Treasury Manager Fund Super High Investment Plan Growth;INF277K01AG1;;1177.5655;1177.5655;1177.5655;28-Oct-2011
106135;Tata Treasury Manager Fund Super High Investment Plan Monthly Dividend;INF277K01CX2;INF277K01AH9;1006.6429;1006.6429;1006.6429;28-Oct-2011
106134;Tata Treasury Manager Fund Super High Investment Plan Weekly Dividend;INF277K01CY0;INF277K01AI7;1001.1181;1001.1181;1001.1181;28-Oct-2011

Taurus Mutual Fund
113073;Taurus MIP Advantage - Dividend Option;INF044D01AD7;INF044D01AE5;10.3116;10.1569;10.3116;28-Oct-2011
113072;Taurus MIP Advantage - Growth Option;INF044D01AG0;;10.8102;10.6480;10.8102;28-Oct-2011

UTI Mutual Fund
100648;UTI - CRTS 81 - Dividend Option;;;123.3582;123.3582;123.3582;28-Oct-2011
104588;UTI - CRTS 81 - Growth Option;;;176.727;176.727;176.727;28-Oct-2011
101608;UTI - MIS-Growth;INF789F01AA8;;20.3349;20.3349;20.3349;28-Oct-2011
101607;UTI - MIS-Income;INF789F01984;INF789F01992;11.7346;11.7346;11.7346;28-Oct-2011
112067;UTI Smart Woman Savings Plan - Dividend Option;;;20.7889;20.7889;20.7889;28-Oct-2011
112066;UTI Smart Woman Savings Plan - Growth Option;;;20.7889;20.7889;20.7889;28-Oct-2011

Open Ended Schemes ( Growth )


Aditya Birla Sun Life Mutual Fund
103169;Aditya Birla Sun Life Buy India Fund - Dividend - Regular Plan;INF209K01116;INF209K01CC9;21.15;21.04;21.15;28-Oct-2011
103170;Aditya Birla Sun Life Buy India Fund - Growth - Regular Plan;INF209K01124;;40.07;39.87;40.07;28-Oct-2011
111352;Bsl Comm Eq Fund-Global Multi Comm Plan - Dividend;INF209K01215;INF209K01CH8;13.1230;12.7293;13.1230;28-Oct-2011
111353;Bsl Comm Eq Fund-Global Multi Comm Plan - Growth;INF209K01223;;13.1230;12.7293;13.1230;28-Oct-2011
111344;Bsl Comm Eq Fund-Global Prec Metals Plan - Dividend;INF209K01173;INF209K01CF2;14.4079;13.9757;14.4079;28-Oct-2011
111346;Bsl Comm Eq Fund-Global Prec Metals Plan - Growth;INF209K01181;;14.4079;13.9757;14.4079;28-Oct-2011
100065;Aditya Birla Sun Life India Opportunities Fund - Dividend - Regular Plan;INF209K01280;INF209K01CK2;14.63;14.56;14.63;28-Oct-2011
100066;Aditya Birla Sun Life India Opportunities Fund - Growth - Regular Plan;INF209K01298;;46.27;46.04;46.27;28-Oct-2011
112922;Aditya Birla Sun Life India Reforms Fund-DIVIDEND;INF209K01EL6;INF209K01EM4;9.31;9.22;9.31;28-Oct-2011
112921;Aditya Birla Sun Life India Reforms Fund-GROWTH;INF209K01EK8;;9.31;9.22;9.31;28-Oct-2011
104339;Aditya Birla Sun Life Long Term Fund- Growth Option;INF209K01SD3;;13.53;13.39;13.53;28-Oct-2011
104338;Aditya Birla Sun Life Long Term Fund-Dividend Option;INF209K01SE1;INF209K01SF8;12.50;12.38;12.50;28-Oct-2011
107505;Aditya Birla Sun Life Special Situations Fund - Dividend;INF209K01553;INF209K01CX5;8.9759;8.8861;8.9759;28-Oct-2011
107504;Aditya Birla Sun Life Special Situations Fund - Growth;INF209K01561;;8.9759;8.8861;8.9759;28-Oct-2011

Bandhan Mutual Fund
112068;IDFC Equity Fund -Plan B- Dividend;INF194K01243;INF194K01250;10.5891;10.5891;10.5891;28-Oct-2011
112069;IDFC Equity Fund -Plan B-Growth;INF194K01235;;12.6585;12.6585;12.6585;28-Oct-2011
111866;IDFC Imperial Equity Fund-Plan B - Dividend;INF194K01441;INF194K01458;12.9744;12.9744;12.9744;28-Oct-2011
111865;IDFC Imperial Equity Fund-Plan B - Growth;INF194K01433;;16.1432;16.1432;16.1432;28-Oct-2011
111757;IDFC  India GDP Growth Fund-Regular Plan-Dividend;INF194K01219;INF194K01227;12.8284;12.8284;12.8284;28-Oct-2011
111758;IDFC  India GDP Growth Fund-Regular Plan-Growth;INF194K01201;;16.6172;16.6172;16.6172;28-Oct-2011
111861;IDFC Premier Equity Fund-Plan B - Dividend;INF194K01375;INF194K01383;19.9573;19.9573;19.9573;28-Oct-2011
111862;IDFC Premier Equity Fund_Plan B - Growth;INF194K01425;;24.3235;24.3235;24.3235;28-Oct-2011
110463;IDFC  50-50 Strategic Sector Fund-Regular Plan-Dividend;INF194K01326;INF194K01334;13.4629;13.4629;13.4629;28-Oct-2011
110462;IDFC  50-50 Strategic Sector Fund-Regular Plan-Growth;INF194K01169;;13.6080;13.6080;13.6080;28-Oct-2011
111868;IDFC Strategic Sector (50-50) Equity Fund-Plan B - Dividend;INF194K01136;INF194K01144;14.9176;14.9176;14.9176;28-Oct-2011
111867;IDFC Strategic Sector (50-50) Equity Fund-Plan B - GROWTH;INF194K01151;;14.9080;14.9080;14.9080;28-Oct-2011

Canara Robeco Mutual Fund
102806;Canara Robeco Nifty Index - Regular Plan - Dividend;INF760K01126;INF760K01134;18.8681;18.8681;18.8681;28-Oct-2011
102805;Canara Robeco Nifty Index - Regular Plan - Growth;INF760K01118;;28.4309;28.4309;28.4309;28-Oct-2011

Daiwa Mutual Fund
114528;Daiwa Industry Leaders Fund - Dividend;INF752K01024;INF752K01032;10.94;10.83;10.94;28-Oct-2011
114527;Daiwa Industry Leaders Fund - Growth;INF752K01016;-;10.94;10.83;10.94;28-Oct-2011

Deutsche Mutual Fund
114965;DWS ALPHA EQUITY FUND - BONUS OPTION;INF223J01895;;9.64;9.54;9.64;28-Oct-2011
101628;DWS Alpha Equity Fund - Dividend;INF223J01218;INF223J01226;15.57;15.41;15.57;28-Oct-2011
101629;DWS Alpha Equity Fund - Growth;INF223J01234;;71.52;70.80;71.52;28-Oct-2011
111920;DWS Alpha Equity Fund Wealth Plan - Growth Option;INF223J01267;;14.89;14.74;14.89;28-Oct-2011
111919;DWS Alpha Equity Fund Wealth Plan -Dividend Option;INF223J01242;INF223J01259;12.46;12.34;12.46;28-Oct-2011
102195;DWS Equity Income Fund - Annual Dividend option;INF223J01EZ9;INF223J01FA9;11.6724;11.5557;11.6724;28-Oct-2011
102196;DWS Equity Income Fund - Growth Option;INF223J01FB7;;16.9904;16.8205;16.9904;28-Oct-2011
102193;DWS Equity Income Fund - Monthly Dividend option;INF223J01FC5;INF223J01FD3;10.5954;10.4894;10.5954;28-Oct-2011
102194;DWS Equity Income Fund - Quarterly  Dividend;INF223J01FE1;INF223J01FF8;10.3061;10.2030;10.3061;28-Oct-2011
114964;DWS INVESTMENT OPPORTUNITY FUND - BONUS OPTION;INF223J01903;;9.66;9.56;9.66;28-Oct-2011
102203;DWS Investment Opportunity Fund - Dividend Option;INF223J01275;INF223J01283;23.36;23.13;23.36;28-Oct-2011
102204;DWS Investment Opportunity Fund - Growth Option;INF223J01291;;33.72;33.38;33.72;28-Oct-2011
111918;DWS Investment Opportunity Fund Wealth Plan- Dividend Option;INF223J01309;INF223J01317;11.68;11.56;11.68;28-Oct-2011
111917;DWS Investment Opportunity Fund Wealth Plan- Growth Option;INF223J01325;;15.25;15.10;15.25;28-Oct-2011

DSP Mutual Fund
105876;DSP BlackRock Equity Fund - Institutional Plan - Growth;INF740K01FY0;;12.395;12.271;12.395;28-Oct-2011
105874;DSP India T.I.G.E.R. Fund - Institutional Plan - Growth;INF740K01GB6;;11.659;11.542;11.659;28-Oct-2011
105873;DSP India T.I.G.E.R. Fund - Institutional Plan - IDCW;INF740K01GD2;INF740K01GC4;8.305;8.222;8.305;28-Oct-2011
107354;DSP BlackRock Technology.com   Fund - Regular Plan - Dividend;INF740K01193;INF740K01201;21.977;21.757;21.977;28-Oct-2011
100090;DSP BlackRock Technology.com   Fund - Regular Plan - Growth;INF740K01219;;30.078;29.777;30.078;28-Oct-2011
105871;DSP Top 100 Equity Fund - Institutional  Plan - Dividend;INF740K01GG5;INF740K01GF7;13.297;13.164;13.297;28-Oct-2011
105872;DSP Top 100 Equity Fund - Institutional  Plan - Growth;INF740K01GE0;;13.297;13.164;13.297;28-Oct-2011

Edelweiss Mutual Fund
115632;Edelweiss Emerging Leaders Fund - Dividend;INF754K01772;INF754K01780;9.97;9.87;9.97;28-Oct-2011
115631;Edelweiss Emerging Leaders Fund - Growth;INF754K01764;;9.97;9.87;9.97;28-Oct-2011
112402;Edelweiss Equity Savings Advantage Fund - Dividend Option;INF754K01483;INF754K01509;10.2227;10.1205;10.2227;28-Oct-2011
112387;Edelweiss Equity Savings Advantage Fund - Growth Option;INF754K01475;;10.9226;10.8134;10.9226;28-Oct-2011

Fidelity Mutual Fund
102962;Fidelity Equity Fund-Dividend Option;;;20.313;20.110;20.313;28-Oct-2011
102961;Fidelity Equity Fund-Growth Option;;;34.378;34.034;34.378;28-Oct-2011
106570;Fidelity India Growth Fund - Dividend Option;;;11.956;11.836;11.956;28-Oct-2011
106569;Fidelity India Growth Fund - Growth Option;;;11.956;11.836;11.956;28-Oct-2011
103768;Fidelity India Special Situations Fund-Dividend Option;;;15.938;15.779;15.938;28-Oct-2011
103767;Fidelity India Special Situations Fund-Growth Option;;;17.577;17.401;17.577;28-Oct-2011
112289;Fidelity India Value Fund-Dividend Option;;;10.289;10.186;10.289;28-Oct-2011
112288;Fidelity India Value Fund-Growth Option;;;10.289;10.186;10.289;28-Oct-2011
105803;Fidelity International Opportunities Fund - Dividend Option;;;12.924;12.795;12.924;28-Oct-2011
105802;Fidelity International Opportunities Fund - Growth Option;;;12.924;12.795;12.924;28-Oct-2011

Franklin Templeton Mutual Fund
105066;Franklin India Index Fund - BSE Plan - Dividend Plan;INF090I01908;INF090I01916;50.3382;49.8348;50.3382;28-Oct-2011
102320;Franklin India Index Fund - BSE Plan - Growth Plan;INF090I01924;;50.3382;49.8348;50.3382;28-Oct-2011

Goldman Sachs Mutual Fund
115749;Goldman Sachs CNX 500 Fund - Dividend Option;INF732E01201;INF732E01219;11.2249;11.0565;11.2249;28-Oct-2011
115748;Goldman Sachs CNX 500 Fund - Growth Option;INF732E01193;;17.9442;17.6750;17.9442;28-Oct-2011
115743;Goldman Sachs Derivative Fund - Dividend Plan;INF732E01144;INF732E01151;1090.6516;1090.6516;1090.6516;28-Oct-2011
115740;Goldman Sachs Derivative Fund - Growth Plan;INF732E01136;;1508.2369;1508.2369;1508.2369;28-Oct-2011
115746;Goldman Sachs Equity & Derivatives Opportunities Fund - Dividend Option;INF732E01177;INF732E01185;11.2128;11.2128;11.2128;28-Oct-2011
115745;Goldman Sachs Equity & Derivatives Opportunities Fund - Growth Option;INF732E01169;;12.5834;12.5834;12.5834;28-Oct-2011

HDFC Mutual Fund
103468;HDFC Focused Large-Cap Fund-Dividend;INF179K01K57;INF179K01K65;11.843;11.725;11.843;28-Oct-2011
103469;HDFC Focused Large-Cap Fund-Growth;INF179K01K73;;15.491;15.336;15.491;28-Oct-2011
101282;HDFC Index Fund-Sensex Plus( FV-Rs32.161);INF179K01LB7;;221.7821;221.7821;221.7821;28-Oct-2011

HSBC Mutual Fund
105227;HSBC Dividend Yield Equity Fund - Dividend;INF336L01BC0;INF336L01BB2;9.9005;9.8015;9.9005;28-Oct-2011
105228;HSBC Dividend Yield Equity Fund - Growth;INF336L01BD8;;9.9005;9.8015;9.9005;28-Oct-2011
108096;HSBC Small Cap Fund - Dividend;INF336L01AX8;INF336L01AW0;8.9678;8.9988;8.9678;28-Oct-2011
108097;HSBC Small Cap Fund - Growth;INF336L01AY6;;9.6420;9.6662;9.6420;28-Oct-2011

ICICI Prudential Mutual Fund
103028;ICICI Prudential Blended Plan A -  Dividend;INF109K01DZ0;INF109K01AO0;11.6537;11.5954;11.6537;28-Oct-2011
103027;ICICI Prudential Blended Plan A - Growth;INF109K01AP7;;15.6114;15.5333;15.6114;28-Oct-2011

ING Mutual Fund
104273;ING C.U.B (Competitive Upcoming Businesses) Fund-Bonus Option;INF084M01374;;15.7800;15.7800;15.7800;28-Oct-2011
104274;ING C.U.B (Competitive Upcoming Businesses) Fund-Dividend Option;INF084M01358;INF084M01366;11.5200;11.5200;11.5200;28-Oct-2011
104275;ING C.U.B (Competitive Upcoming Businesses) Fund-Growth Option;INF084M01341;;15.7800;15.7800;15.7800;28-Oct-2011
103649;ING Contra Fund -Growth Option;INF084M01382;;14.6200;14.6200;14.6200;28-Oct-2011
103651;ING Contra Fund-Bonus Option;INF084M01416;;14.6200;14.6200;14.6200;28-Oct-2011
103650;ING Contra Fund-Dividend Option;INF084M01390;INF084M01408;12.4700;12.4700;12.4700;28-Oct-2011
100188;ING Core Equity Fund-Dividend Option;INF084M01192;INF084M01200;16.5600;16.5600;16.5600;28-Oct-2011
100189;ING Core Equity Fund-Growth Option;INF084M01184;;36.4700;36.4700;36.4700;28-Oct-2011
103162;ING Dividend Yield Fund-Dividend Option;INF084M01226;INF084M01234;15.7100;15.7100;15.7100;28-Oct-2011
103161;ING Dividend Yield Fund-Growth Option;INF084M01218;;22.8000;22.8000;22.8000;28-Oct-2011
102717;ING Domestic Opportunities Fund-Dividend Option;INF084M01168;INF084M01176;13.0500;13.0500;13.0500;28-Oct-2011
102716;ING Domestic Opportunities Fund-Growth Option;INF084M01150;;34.5600;34.5600;34.5600;28-Oct-2011
102243;ING Large Cap Equity Fund-Dividend Option;INF084M01283;INF084M01291;17.8300;17.8300;17.8300;28-Oct-2011
102242;ING Large Cap Equity Fund-Growth Option;INF084M01275;;26.7500;26.7500;26.7500;28-Oct-2011
102932;ING Midcap Fund-Dividend Option;INF084M01259;INF084M01267;13.6700;13.6700;13.6700;28-Oct-2011
102931;ING Midcap Fund-Growth Option;INF084M01242;;19.7900;19.7900;19.7900;28-Oct-2011
105619;ING Multi Manager Equity Fund - Option A- Dividend(Payout and Reinvestment);INF084M01AX2;INF084M01AY0;9.6700;9.6700;9.6700;28-Oct-2011
105620;ING Multi Manager Equity Fund - Option A- Growth;INF084M01AW4;;9.6700;9.6700;9.6700;28-Oct-2011

Invesco Mutual Fund
106868;Religare Invesco AGILE Fund - Dividend Option;INF205K01114;INF205K01106;6.55;6.48;6.55;28-Oct-2011
106867;Religare Invesco AGILE Fund - Growth Option;INF205K01098;;6.54;6.47;6.54;28-Oct-2011

JPMorgan Mutual Fund
105583;JPMorgan India Equity Fund - Regular Plan - Dividend Option;INF843K01054;INF843K01062;11.920;11.801;11.920;28-Oct-2011
105582;JPMorgan India Equity Fund - Regular Plan - Growth Option;INF843K01047;;12.837;12.709;12.837;28-Oct-2011
107302;JPMorgan India Mid and Small Cap Fund - Regular Plan - Dividend Option;INF843K01021;INF843K01039;7.313;7.240;7.313;28-Oct-2011
107301;JPMorgan India Mid and Small Cap Fund - Regular Plan - Growth Option;INF843K01013;;7.313;7.240;7.313;28-Oct-2011

L&T Mutual Fund
112548;L&T Contra Fund-Cumulative Option;INF917K01BU1;;9.64;9.64;9.64;28-Oct-2011
112547;L&T Contra Fund-Dividend Option;INF917K01BS5;INF917K01BT3;9.64;9.64;9.64;28-Oct-2011
112459;L&T Growth Fund- Dividend payout;INF917K01148;INF917K01155;17.65;17.65;17.65;28-Oct-2011
112460;L&T Growth Fund-Cumulative;INF917K01163;;37.30;37.30;37.30;28-Oct-2011
112587;L&T Hedged Equity Fund - Cumulative;INF917K01221;;13.02;13.02;13.02;28-Oct-2011
112586;L&T Hedged Equity Fund - Dividend;INF917K01205;INF917K01213;9.24;9.24;9.24;28-Oct-2011
112434;L&T Opportunities Fund- Dividend payout;INF917K01171;INF917K01189;15.42;15.42;15.42;28-Oct-2011
112435;L&T Opportunities Fund-Cumulative;INF917K01197;;39.14;39.14;39.14;28-Oct-2011

LIC Mutual Fund
104672;LIC NOMURA MF INDIA VISION FUND - DIVIDEND OPTION;INF767K01659;INF767K01667;8.1718;8.0901;8.1718;28-Oct-2011
104671;LIC NOMURA MF INDIA VISION FUND - GROWTH OPTION;INF767K01675;;8.1723;8.0906;8.1723;28-Oct-2011
102900;LIC NOMURA MF Opportunities Fund-Dividend;INF767K01212;INF767K01204;9.8695;9.7708;9.8695;28-Oct-2011
102901;LIC NOMURA MF Opportunities Fund-Growth;INF767K01220;;17.3424;17.1690;17.3424;28-Oct-2011
106692;LIC NOMURA MF SYSTEMATIC ASSET ALLOCATION FUND - DIVIDEND OPTION;INF767K01741;INF767K01758;9.5717;9.4760;9.5717;28-Oct-2011
106693;LIC NOMURA MF SYSTEMATIC ASSET ALLOCATION FUND - GROWTH OPTION;INF767K01766;;9.5695;9.4738;9.5695;28-Oct-2011
107337;LIC NOMURA MF TOP 100 FUND - DIVIDEND OPTION;INF767K01774;INF767K01782;7.4900;7.4151;7.4900;28-Oct-2011
107338;LIC NOMURA MF TOP 100 FUND - GROWTH OPTION;INF767K01790;;7.4902;7.4153;7.4902;28-Oct-2011

Mirae Asset Mutual Fund
109137;Mirae Asset Global Commodity Stocks - Dividend Option;INF769K01069;INF769K01051;12.1280;12.0070;12.1280;28-Oct-2011
109138;Mirae Asset Global Commodity Stocks - Growth Option;INF769K01044;;12.1280;12.0070;12.1280;28-Oct-2011

Morgan Stanley Mutual Fund
108196;Morgan Stanley A.C.E. Fund- Regular Dividend Plan;INF063A01068;INF063A01076;13.068;12.937;13.068;28-Oct-2011
108197;Morgan Stanley A.C.E. Fund- Regular Growth Plan;INF063A01050;;13.881;13.742;13.881;28-Oct-2011
111679;Morgan Stanley Growth Fund- Regular Dividend Plan;INF063A01035;INF063A01043;17.087;16.916;17.087;28-Oct-2011
100347;Morgan Stanley Growth Fund- Regular Growth Plan;INF063A01027;;55.973;55.413;55.973;28-Oct-2011

Nippon India Mutual Fund
103749;Reliance Focused Large Cap Fund-Dividend Plan;INF204K01653;INF204K01661;12.4976;12.3726;12.4976;28-Oct-2011
103748;Reliance Focused Large Cap Fund-Growth Plan-Bonus Option;INF204K01679;;12.4976;12.3726;12.4976;28-Oct-2011
103747;Reliance Focused Large Cap Fund-Growth Plan-Growth Option;INF204K01687;;12.4976;12.3726;12.4976;28-Oct-2011
111944;Reliance Infrastructure Fund -Bonus Option;INF204K01AJ9;;7.5256;7.4503;7.5256;28-Oct-2011
111945;Reliance Infrastructure Fund -Dividend Option;INF204K01AK7;INF204K01AL5;7.5257;7.4504;7.5257;28-Oct-2011
111943;Reliance Infrastructure Fund -Growth Option;INF204K01AM3;;7.5257;7.4504;7.5257;28-Oct-2011
111948;Reliance Infrastructure Fund- Institutional Plan-Dividend Option;INF204K01AG5;INF204K01AH3;7.5454;7.4699;7.5454;28-Oct-2011
111946;Reliance Infrastructure Fund- Institutional Plan-Growth Option;INF204K01AI1;;7.5454;7.4699;7.5454;28-Oct-2011
107637;Reliance Natural Resources Fund-Dividend Plan-Dividend Option;INF204K01810;INF204K01828;10.1652;10.0635;10.1652;28-Oct-2011
107635;Reliance Natural Resources Fund-Growth Plan-Bonus Option;INF204K01836;;10.1652;10.0635;10.1652;28-Oct-2011
107636;Reliance Natural Resources Fund-Growth Plan-Growth Option;INF204K01844;;10.1652;10.0635;10.1652;28-Oct-2011

PGIM India Mutual Fund
114310;DHFL Pramerica Dynamic Asset Allocation Fund - Dividend Option;INF663L01054;INF663L01062;9.22;9.13;9.22;28-Oct-2011
114309;DHFL Pramerica Dynamic Asset Allocation Fund - Growth Option;INF663L01047;;9.22;9.13;9.22;28-Oct-2011
114308;DHFL Pramerica Large Cap Equity Fund - Dividend Option;INF663L01021;INF663L01039;8.66;8.57;8.66;28-Oct-2011
114307;DHFL Pramerica Large Cap Equity Fund - Growth Option;INF663L01013;;8.66;8.57;8.66;28-Oct-2011

PineBridge Mutual Fund
105600;PineBridge India Equity Fund- Standard Plan- Dividend Option;INF178L01012;INF178L01020;12.459;12.334;12.459;28-Oct-2011
105598;PineBridge India Equity Fund- Standard Plan- Growth Option;INF178L01038;;12.459;12.334;12.459;28-Oct-2011
107407;PineBridge Infrastructure & Economic Reform Fund - Institutional Plan-Dividend;INF178L01103;INF178L01111;9.065;8.974;9.065;28-Oct-2011
107406;PineBridge Infrastructure & Economic Reform Fund - Institutional Plan-Growth;INF178L01129;;9.065;8.974;9.065;28-Oct-2011
107408;PineBridge Infrastructure & Economic Reform Fund - Standard Plan-Dividend;INF178L01079;INF178L01087;8.843;8.755;8.843;28-Oct-2011
107405;PineBridge Infrastructure & Economic Reform Fund - Standard Plan-Growth;INF178L01095;;8.843;8.755;8.843;28-Oct-2011

Principal Mutual Fund
114791;Principal Retail Equity Savings Fund - Dividend Option;INF173K01CM6;INF173K01CN4;9.1;9.01;9.1;28-Oct-2011
100151;Principal Retail Equity Savings Fund - Growth Option;INF173K01CP9;;79.25;78.46;79.25;28-Oct-2011
103453;Principal Services Industries Fund-DIVIDEND;INF173K01999;INF173K01AA5;11.43;11.32;11.43;28-Oct-2011
103454;Principal Services Industries Fund-GROWTH;INF173K01981;;12.89;12.76;12.89;28-Oct-2011

Sahara Mutual Fund
109493;SAHARA BANKING & FINANCIAL SERVICES FUND- GROWTH OPTION;INF515L01494;;27.3082;27.0351;27.3082;28-Oct-2011
109494;SAHARA BANKING & FINANCIAL SERVICES FUND-DIVIDEND OPTION;INF515L01478;INF515L01486;11.5760;11.4602;11.5760;28-Oct-2011
101529;Sahara Growth Fund-Dividend;INF515L01155;INF515L01163;22.3632;22.1396;22.3632;28-Oct-2011
101528;Sahara Growth Fund-Growth;INF515L01171;;77.0427;76.2723;77.0427;28-Oct-2011
103730;Sahara Infrastructure Fund ---FIXED PRICING OPTION-Dividend Option;INF515L01320;INF515L01338;10.0802;9.9794;10.0802;28-Oct-2011
103731;Sahara Infrastructure Fund ---FIXED PRICING OPTION-Growth Option;INF515L01346;;13.7863;13.6484;13.7863;28-Oct-2011
103732;Sahara Infrastructure Fund ---VARIABLE PRICING OPTION-Dividend Option;INF515L01353;INF515L01361;10.5583;10.4527;10.5583;28-Oct-2011
103733;Sahara Infrastructure Fund ---VARIABLE PRICING OPTION-Growth Option;INF515L01379;;14.3692;14.2255;14.3692;28-Oct-2011
100798;Sahara Midcap Fund-Auto Payout;INF515L01247;;28.6860;28.3991;28.6860;28-Oct-2011
100799;Sahara Midcap Fund-Bonus;INF515L01254;;28.6860;28.3991;28.6860;28-Oct-2011
100797;Sahara Midcap Fund-Dividend Plan;INF515L01213;INF515L01221;12.6916;12.5647;12.6916;28-Oct-2011
100796;Sahara Midcap Fund-Growth Plan;INF515L01239;;28.6860;28.3991;28.6860;28-Oct-2011
108320;Sahara Power & Natural Resources Fund - Dividend Option;INF515L01445;INF515L01452;9.9721;9.8724;9.9721;28-Oct-2011
108321;Sahara Power & Natural resources Fund- Growth Option;INF515L01460;;11.6899;11.5730;11.6899;28-Oct-2011
106744;Sahara R.E.A.L Fund - Dividend Option;INF515L01387;INF515L01395;7.7158;7.6386;7.7158;28-Oct-2011
106745;Sahara R.E.A.L Fund - Growth  Fund;INF515L01403;;7.7159;7.6387;7.7159;28-Oct-2011
112104;Sahara Star Value Fund-Dividend Option;INF515L01585;INF515L01593;10.1888;10.0869;10.1888;28-Oct-2011
112105;Sahara Star Value Fund-Growth Option;INF515L01601;;11.1194;11.0082;11.1194;28-Oct-2011
112036;Sahara Super 20 Fund - Dividend Option;INF515L01551;INF515L01569;11.5191;11.4039;11.5191;28-Oct-2011
112037;Sahara Super 20 Fund - Growth Option;INF515L01577;;11.5185;11.4033;11.5185;28-Oct-2011
103119;Sahara Wealth Plus Fund-Fixed Pricing Option-Dividend Option;INF515L01262;INF515L01270;16.4071;16.2430;16.4071;28-Oct-2011
103120;Sahara Wealth Plus Fund-Fixed Pricing Option-Growth Option;INF515L01288;;19.8074;19.6093;19.8074;28-Oct-2011
103121;Sahara Wealth Plus Fund-Variable Pricing Option-Dividend Option;INF515L01296;INF515L01304;17.2909;17.1180;17.2909;28-Oct-2011
103122;Sahara Wealth Plus Fund-Variable Pricing Option-Growth Option;INF515L01312;;20.7151;20.5079;20.7151;28-Oct-2011

SBI Mutual Fund
102208;SBI MAGNUM NRI FLEXIASSET PLAN-DIVIDEND;INF200K01511;INF200K01529;28.0976;27.8166;28.0976;28-Oct-2011
102207;SBI MAGNUM NRI FLEXIASSET PLAN-GROWTH;INF200K01503;;27.994;27.7141;27.994;28-Oct-2011
104763;SBI ONE INDIA FUND - DIVIDEND (PREVIOUSLY CLOSE ENDED UPTO 14/01/2010);INF200K01CX4;INF200K01CY2;10.07;9.97;10.07;28-Oct-2011
104762;SBI ONE INDIA FUND - GROWTH (PREVIOUSLY CLOSE ENDED UPTO 14/01/2010);INF200K01CW6;;10.07;9.97;10.07;28-Oct-2011

Sundaram Mutual Fund
103210;Sundaram CAPEX Opportunities Fund-Dividend;INF903J01249;INF903J01256;9.7904;9.6925;9.7904;28-Oct-2011
103211;Sundaram CAPEX Opportunities Fund-Growth;INF903J01231;;18.8757;18.6869;18.8757;28-Oct-2011
112956;Sundaram CAPEX Opportunities Fund-Inst DIVD;INF903J01272;INF903J01280;0.0000;0.0000;0.0000;28-Oct-2011
112065;Sundaram CAPEX Opportunities Fund-Inst Growth;INF903J01264;;0.0000;0.0000;0.0000;28-Oct-2011
107350;Sundaram Energy Opportunities Fund Dividend;INF903J01DX3;INF903J01DY1;7.6789;7.6021;7.6789;28-Oct-2011
107351;Sundaram Energy Opportunities Fund Growth;INF903J01DW5;;7.6797;7.6029;7.6797;28-Oct-2011
109132;Sundaram Entertainment Opportunities Fund - Inst  Dividend;INF903J01694;INF903J01702;0.0000;0.0000;0.0000;28-Oct-2011
109130;Sundaram Entertainment Opportunities Fund - Inst  Growth;INF903J01710;;12.1502;12.1502;12.1502;28-Oct-2011
109131;Sundaram Entertainment Opportunities Fund - Regular Dividend;INF903J01660;INF903J01678;9.4978;9.4028;9.4978;28-Oct-2011
109129;Sundaram Entertainment Opportunities Fund - Regular Growth;INF903J01686;;12.0325;11.9122;12.0325;28-Oct-2011
112063;Sundaram Growth Fund- Inst Dividend;INF903J01363;INF903J01371;11.6910;11.6910;11.6910;28-Oct-2011
100612;Sundaram Growth Fund-Dividend;INF903J01330;INF903J01348;11.5625;11.4469;11.5625;28-Oct-2011
100613;Sundaram Growth Fund-Growth;INF903J01355;;85.5995;84.7435;85.5995;28-Oct-2011
102483;Sundaram India Leadership Fund-Dividend;INF903J01397;INF903J01405;12.1959;12.0739;12.1959;28-Oct-2011
102482;Sundaram India Leadership Fund-Growth;INF903J01413;;39.7774;39.3796;39.7774;28-Oct-2011
114462;Sundaram India Leadership Fund-Inst Dividend;INF903J01421;INF903J01439;13.8731;13.8731;13.8731;28-Oct-2011
111921;Sundaram India Leadership Fund-Inst Growth;INF903J01447;;39.9249;39.9249;39.9249;28-Oct-2011

Tata Mutual Fund
104123;Tata Capital Builder Fund - Div;INF277K01DC4;INF277K01311;12.8184;12.6902;12.8184;28-Oct-2011
104124;Tata Capital Builder Fund - Growth;INF277K01329;;13.7292;13.5919;13.7292;28-Oct-2011
103337;Tata Contra Fund Plan A -  Dividend;INF277K01DA8;INF277K01AM9;15.1312;14.9799;15.1312;28-Oct-2011
103336;Tata Contra Fund Plan A -  Growth;INF277K01AN7;;17.1976;17.0256;17.1976;28-Oct-2011
103760;Tata Equity Management Fund Plan A- Div;INF277K01DG5;INF277K01394;12.1423;12.0209;12.1423;28-Oct-2011
103761;Tata Equity Management Fund Plan A - Growth;INF277K01402;;14.0493;13.9088;14.0493;28-Oct-2011
107624;Tata Growing Economies Infrastructure Fund Scheme A Plan A - Dividend;INF277K01DQ4;INF277K01584;11.4924;11.3775;11.4924;28-Oct-2011
107623;Tata Growing Economies Infrastructure Fund Scheme A  Plan A - Growth;INF277K01592;;11.4945;11.3796;11.4945;28-Oct-2011
107626;Tata Growing Economies Infrastructure Fund Scheme B Plan A - Dividend;INF277K01DR2;INF277K01600;10.7382;10.6308;10.7382;28-Oct-2011
107625;Tata Growing Economies Infrastructure Fund Scheme B Plan A - Growth;INF277K01618;;10.7391;10.6317;10.7391;28-Oct-2011
101747;Tata Index Fund - Sensex B;INF277K01766;;14.1747;13.6077;14.1747;28-Oct-2011
106481;Tata Indo-Global Infrastructure Fund Plan A- Dividend;INF277K01BF1;INF277K01BG9;7.0326;6.9623;7.0326;28-Oct-2011
106482;Tata Indo-Global Infrastructure Fund Plan A - Growth;INF277K01BE4;;7.0280;6.9577;7.0280;28-Oct-2011
101871;Tata Life Science & Technology Fund - Dividend Option;INF277K01DZ5;INF277K01816;33.4439;33.1095;33.4439;28-Oct-2011
101000;Tata Life Sciences & Technology Fund - Growth;INF277K01824;;66.5440;65.8786;66.5440;28-Oct-2011
103072;Tata Mid Cap Fund Plan A- Dividend;INF277K01EA6;INF277K01832;13.9304;13.7911;13.9304;28-Oct-2011
103071;Tata Mid Cap Fund Plan A- Growth;INF277K01840;;16.2271;16.0648;16.2271;28-Oct-2011
102930;Tata Service Industries Fund - Appreciation;INF277K01AL1;;21.2788;21.0660;21.2788;28-Oct-2011
102929;Tata Service Industries Fund - Dividend;INF277K01CZ7;INF277K01AK3;15.8722;15.7135;15.8722;28-Oct-2011

UTI Mutual Fund
100749;UTI - Master Index Fund-Growth Option;INF789F01JK8;;55.5292;55.5292;55.5292;28-Oct-2011
100748;UTI - Master Index Fund-Income Option;INF789F01JI2;INF789F01JJ0;55.5292;55.5292;55.5292;28-Oct-2011
100656;UTI - Master Plus Unit Scheme-Growth Option;INF789F01943;;80.78;80.78;80.78;28-Oct-2011
100657;UTI - Master Plus Unit Scheme-Income Option;INF189A01061;INF789F01935;58.23;58.23;58.23;28-Oct-2011
100751;UTI - Master Value Fund-Growth Option;INF789F01AD2;;50.63;50.63;50.63;28-Oct-2011
100750;UTI - Master Value Fund-Income Option;INF789F01AB6;INF789F01AC4;21.23;21.23;21.23;28-Oct-2011
103455;UTI Bluechip Flexicap Fund - Regular Plan - Dividend Option;INF789F01760;INF789F01778;13.39;13.39;13.39;28-Oct-2011
103457;UTI Bluechip Flexicap Fund - Regular Plan - Growth option;INF789F01786;;14.44;14.44;14.44;28-Oct-2011
103534;UTI Contra Fund-Growth-Growth Option;INF789F01430;;12.08;12.08;12.08;28-Oct-2011
103532;UTI Contra Fund-Income-Dividend Option;INF789F01414;INF789F01422;11.15;11.15;11.15;28-Oct-2011

Open Ended Schemes ( Balanced )


Fidelity Mutual Fund
114501;Fidelity India Children's Plan - Education Fund -Dividend Option;INF677K01817;INF677K01809;9.767;9.474;9.767;28-Oct-2011
114500;Fidelity India Children's Plan - Education Fund -Growth option;INF677K01791;;9.767;9.474;9.767;28-Oct-2011
114503;Fidelity India Children's Plan - Marriage Fund -Dividend option;INF677K01841;INF677K01833;10.237;9.930;10.237;28-Oct-2011
114502;Fidelity India Children's Plan - Marriage Fund -Growth option;INF677K01825;;10.237;9.930;10.237;28-Oct-2011
114505;Fidelity India Children's Plan - Savings Fund -Dividend option;INF677K01874;INF677K01866;10.5174;10.4648;10.5174;28-Oct-2011
114504;Fidelity India Children's Plan - Savings Fund -Growth option;INF677K01858;;10.5174;10.4648;10.5174;28-Oct-2011

HDFC Mutual Fund
100121;HDFC Balanced Fund - Dividend Option;INF179K01376;INF179K01384;19.686;19.489;19.686;28-Oct-2011
100122;HDFC Balanced Fund - Growth Option;INF179K01392;;56.095;55.534;56.095;28-Oct-2011
101978;HDFC Prudence Fund - Dividend Option;INF179K01AT2;INF179K01AU0;28.309;28.026;28.309;28-Oct-2011
101977;HDFC Prudence Fund - Growth Option;INF179K01AV8;;207.668;205.591;207.668;28-Oct-2011

ING Mutual Fund
100202;ING Balanced Fund-Dividend Option;INF084M01AC6;INF084M01AD4;17.4500;17.4500;17.4500;28-Oct-2011
100203;ING Balanced Fund-Growth Option;INF084M01AB8;;24.9600;24.9600;24.9600;28-Oct-2011

Open Ended Schemes ( Liquid )


Daiwa Mutual Fund
114516;Daiwa Liquid Fund - Institutional - Daily Dividend;-;INF752K01198;1000.5197;1000.5197;1000.5197;28-Oct-2011
114515;Daiwa Liquid Fund - Institutional - Growth;INF752K01206;-;1153.8653;1153.8653;1153.8653;28-Oct-2011
114517;Daiwa Liquid Fund - Institutional - Weekly Dividend;-;INF752K01214;1000.0000;1000.0000;1000.0000;28-Oct-2011
114519;Daiwa Liquid Fund - Regular - Daily Dividend;;INF752K01222;1000.5200;1000.5200;1000.5200;28-Oct-2011
114514;Daiwa Liquid Fund - Regular - Growth;INF752K01230;;1151.4711;1151.4711;1151.4711;28-Oct-2011
114518;Daiwa Liquid Fund - Regular - Weekly Dividend;;INF752K01248;1001.5124;1001.5124;1001.5124;28-Oct-2011

Deutsche Mutual Fund
105672;DWS INSTA CASH PLUS FUND - Regular Plan BONUS OPTION;INF223J01BH3;;10.5229;10.5229;10.5229;28-Oct-2011
106471;DWS Insta Cash Plus Fund -Growth;INF223J01BP6;;133.9302;133.9302;133.9302;28-Oct-2011
106467;DWS Insta Cash Plus Fund-Daily Dividend;;INF223J01BO9;100.3040;100.3040;100.3040;28-Oct-2011
101718;DWS Insta Cash Plus Fund-DIVIDEND-Daily Dividend;;INF223J01BI1;10.3010;10.3010;10.3010;28-Oct-2011
101717;DWS Insta Cash Plus Fund-DIVIDEND-MONTHLY DIVIDEND;INF223J01BK7;INF223J01BL5;11.3700;11.3700;11.3700;28-Oct-2011
101716;DWS Insta Cash Plus Fund-DIVIDEND-WEEKLY DIVIDEND;INF223J01BM3;INF223J01BN1;10.3686;10.3686;10.3686;28-Oct-2011
101719;DWS Insta Cash Plus Fund-Growth-GROWTH;INF223J01BJ9;;17.1583;17.1583;17.1583;28-Oct-2011
101722;DWS Insta Cash Plus Fund-Institutional Plan-Daily Dividend;;INF223J01BA8;10.0516;10.0516;10.0516;28-Oct-2011
101720;DWS Insta Cash Plus Fund-Institutional Plan-Dividend;INF223J01BE0;INF223J01BD2;10.4451;10.4451;10.4451;28-Oct-2011
101721;DWS Insta Cash Plus Fund-Institutional Plan-Growth;INF223J01BB6;;16.1921;16.1921;16.1921;28-Oct-2011
101723;DWS Insta Cash Plus Fund-Institutional Plan-Weekly Dividend;INF223J01BF7;INF223J01BG5;10.2793;10.2793;10.2793;28-Oct-2011
114966;DWS Treasury Fund - Cash Plan - Bonus;INF223J01SA2;;10.4784;10.4784;10.4784;28-Oct-2011
112228;DWS Treasury Fund - Cash Plan - Daily Dividend;;INF223J01SB0;10.0391;10.0391;10.0391;28-Oct-2011
112221;DWS Treasury Fund - Cash Plan - Growth;INF223J01SC8;;11.3177;11.3177;11.3177;28-Oct-2011
112227;DWS Treasury Fund - Cash Plan - Institiutional - Daily Dividend;;INF223J01DZ1;100.4970;100.4970;100.4970;28-Oct-2011
112222;DWS Treasury Fund - Cash Plan - Institiutional - Growth;INF223J01EA2;;115.0412;115.0412;115.0412;28-Oct-2011
112969;DWS Treasury Fund - Cash Plan - Institiutional - Weekly Dividend;INF223J01EB0;INF223J01EC8;100.8794;100.8794;100.8794;28-Oct-2011
112965;DWS Treasury Fund - Cash Plan - Monthly Dividend;INF223J01RW8;INF223J01RX6;10.1994;10.1994;10.1994;28-Oct-2011
112964;DWS Treasury Fund - Cash Plan - Weekly Dividend;INF223J01RY4;INF223J01RZ1;10.1171;10.1171;10.1171;28-Oct-2011
114967;DWS Treasury Fund - Investment - Bonus;INF223J01EW6;;10.5273;10.4220;10.5273;28-Oct-2011
112226;DWS Treasury Fund - Investment Plan - Daily Dividend;;INF223J01EX4;10.2220;10.1198;10.2220;28-Oct-2011
112223;DWS Treasury Fund - Investment Plan - Growth;INF223J01EY2;;11.4165;11.3023;11.4165;28-Oct-2011
112225;DWS Treasury Fund - Investment Plan - Institiutional - Daily Dividend;;INF223J01EO3;10.0417;9.9413;10.0417;28-Oct-2011
112224;DWS Treasury Fund - Investment Plan - Institiutional - Growth;INF223J01EP0;;11.5735;11.4578;11.5735;28-Oct-2011
112970;DWS Treasury Fund - Investment Plan - Institiutional - Weekly Dividend;INF223J01EQ8;INF223J01ER6;10.0804;9.9796;10.0804;28-Oct-2011
112968;DWS Treasury Fund - Investment Plan - Monthly Dividend;INF223J01ES4;INF223J01ET2;10.2069;10.1048;10.2069;28-Oct-2011
112967;DWS Treasury Fund - Investment Plan - Weekly Dividend;INF223J01EU0;INF223J01EV8;10.0897;9.9888;10.0897;28-Oct-2011

Edelweiss Mutual Fund
109935;Edelweiss Liquid Fund - Daily Dividend Option;;INF754K01BG7;10.0000;10.0000;10.0000;28-Oct-2011
109946;Edelweiss Liquid Fund - Growth Option;INF754K01BC6;;10.1923;10.1923;10.1923;28-Oct-2011
109941;Edelweiss Liquid Fund - Institutional Plan - Daily Dividend Option;;INF754K01AZ9;10.0000;10.0000;10.0000;28-Oct-2011
109945;Edelweiss Liquid Fund - Institutional Plan - Growth Option;INF754K01AV8;;10.6383;10.6383;10.6383;28-Oct-2011
109936;Edelweiss Liquid Fund - Institutional Plan - Weekly Dividend Option;;INF754K01BA0;10.0147;10.0147;10.0147;28-Oct-2011
109934;Edelweiss Liquid Fund - Retail Plan - Daily Dividend Option;;INF754K01AS4;10.0000;10.0000;10.0000;28-Oct-2011
109940;Edelweiss Liquid Fund - Retail Plan - Growth Option;INF754K01AO3;;11.8979;11.8979;11.8979;28-Oct-2011
109939;Edelweiss Liquid Fund - Retail Plan - Monthly Dividend Option;INF754K01AP0;INF754K01AR6;10.0628;10.0628;10.0628;28-Oct-2011
109937;Edelweiss Liquid Fund - Retail Plan - Weekly Dividend Option;;INF754K01AT2;10.0132;10.0132;10.0132;28-Oct-2011

Fidelity Mutual Fund
104498;Fidelity Cash Fund - Institutional Plan - Daily Dividend Option;;INF677K01AQ1;10.0025;10.0025;10.0025;28-Oct-2011
104497;Fidelity Cash Fund - Institutional Plan - Growth Option;;;13.9527;13.9527;13.9527;28-Oct-2011
104548;Fidelity Cash Fund - Institutional Plan - Monthly Dividend Option;INF677K01AS7;INF677K01AT5;10.0000;10.0000;10.0000;28-Oct-2011
104546;Fidelity Cash Fund - Institutional Plan - Weekly Dividend Option;;INF677K01AR9;10.1657;10.1657;10.1657;28-Oct-2011
104495;Fidelity Cash Fund - Retail Plan - Daily Dividend option;;INF677K01AL2;10.0025;10.0025;10.0025;28-Oct-2011
104493;Fidelity Cash Fund - Retail Plan - Growth option;;;13.6833;13.6833;13.6833;28-Oct-2011
104547;Fidelity Cash Fund - Retail Plan - Monthly Dividend Option;;;10.0049;10.0049;10.0049;28-Oct-2011
104549;Fidelity Cash Fund - Retail Plan - Weekly Dividend Option;;INF677K01AM0;10.0103;10.0103;10.0103;28-Oct-2011
104494;Fidelity Cash Fund - Super Institutional Plan - Daily Dividend Option;;INF677K01AV1;10.2330;10.2330;10.2330;28-Oct-2011
104496;Fidelity Cash Fund - Super Institutional Plan - Growth Option;INF677K01AU3;;14.0441;14.0441;14.0441;28-Oct-2011
104551;Fidelity Cash Fund - Super Institutional Plan - Monthly Dividend Option;INF677K01AX7;INF677K01AY5;10.0000;10.0000;10.0000;28-Oct-2011
104550;Fidelity Cash Fund - Super Institutional Plan - Weekly Dividend Option;;INF677K01AW9;10.0000;10.0000;10.0000;28-Oct-2011

ING Mutual Fund
100198;ING Liquid Fund-Institutional Daily Dividend Option;INF084M01473;;10.0121;10.0121;10.0121;28-Oct-2011
100196;ING Liquid Fund-Institutional Growth Option;INF084M01465;;16.1236;16.1236;16.1236;28-Oct-2011
100197;ING Liquid Fund-Institutional Weekly Dividend Option;INF084M01499;INF084M01481;10.0632;10.0632;10.0632;28-Oct-2011
100192;ING Liquid Fund-Regular Daily Dividend Option;INF084M01432;;10.7873;10.7873;10.7873;28-Oct-2011
100190;ING Liquid Fund-Regular Growth Option;INF084M01424;;21.4773;21.4773;21.4773;28-Oct-2011
100191;ING Liquid Fund-Regular Weekly Dividend Option;INF084M01457;INF084M01440;10.8343;10.8343;10.8343;28-Oct-2011
100200;ING Liquid Fund-Super Institutional Daily Dividend Option;INF084M01515;;10.0048;10.0048;10.0048;28-Oct-2011
100199;ING Liquid Fund-Super Institutional Growth Option;INF084M01507;;15.3779;15.3779;15.3779;28-Oct-2011
100201;ING Liquid Fund-Super Institutional Weekly Dividend Option;INF084M01531;INF084M01523;10.0000;10.0000;10.0000;28-Oct-2011

Invesco Mutual Fund
106502;Religare Invesco Overnight Fund - Daily Dividend Reinvestment;;INF205K01HS2;1000.0048;1000.0048;1000.0048;28-Oct-2011
106501;Religare Invesco Overnight Fund - Growth;INF205K01HR4;;1216.2259;1216.2259;1216.2259;28-Oct-2011

JM Financial Mutual Fund
101420;JM Floater Short Term Fund - Daily Dividend Option;;INF192K01767;10.0883;10.0883;10.0883;28-Oct-2011
101421;JM Floater Short Term Fund - Growth Option;INF192K01775;;16.3701;16.3701;16.3701;28-Oct-2011

JPMorgan Mutual Fund
106562;JPMorgan India Liquid Fund - Retail Plan - Daily Dividend Option;;INF843K01203;10.0150;10.0150;10.0150;28-Oct-2011
109178;JPMorgan India Liquid Fund - Retail Plan - Fortnightly Dividend Option;;INF843K01229;10.0343;10.0343;10.0343;28-Oct-2011
106561;JPMorgan India Liquid Fund - Retail Plan - Growth Option;INF843K01195;;12.2437;12.2437;12.2437;28-Oct-2011
109179;JPMorgan India Liquid Fund - Retail Plan - Monthly Dividend Option;;INF843K01237;10.0224;10.0224;10.0224;28-Oct-2011
109177;JPMorgan India Liquid Fund - Retail Plan - Weekly Dividend Option;;INF843K01211;10.0224;10.0224;10.0224;28-Oct-2011
110149;JPMorgan India Liquid Fund - Super Institutional Plan - Daily Dividend Option;;INF843K01153;10.0079;10.0079;10.0079;28-Oct-2011
110150;JPMorgan India Liquid Fund - Super Institutional Plan - Growth Option;INF843K01146;;13.3547;13.3547;13.3547;28-Oct-2011
110151;JPMorgan India Liquid Fund - Super Institutional Plan - Monthly Dividend Option;INF843K01500;INF843K01187;10.0402;10.0402;10.0402;28-Oct-2011
110153;JPMorgan India Liquid Fund - Super Institutional Plan - Weekly Dividend Option;INF843K01484;INF843K01161;10.0910;10.0910;10.0910;28-Oct-2011

L&T Mutual Fund
112468;L&T Liquid Fund - Regular Weekly Dividend;;INF917K01BE5;11.9877;11.9877;11.9877;28-Oct-2011

Mirae Asset Mutual Fund
107646;Mirae Asset Liquid Fund- Regular Plan - Daily Dividend;;INF769K01606;1027.2697;1027.2697;1027.2697;28-Oct-2011
107648;Mirae Asset Liquid Fund- Regular Plan - Growth;INF769K01572;;1078.8617;1078.8617;1078.8617;28-Oct-2011
107649;Mirae Asset Liquid Fund- Regular Plan - Monthly Dividend;INF769K01630;INF769K01622;1025.7221;1025.7221;1025.7221;28-Oct-2011
107647;Mirae Asset Liquid Fund- Regular Plan - Weekly Dividend;;INF769K01614;1029.8019;1029.8019;1029.8019;28-Oct-2011

Morgan Stanley Mutual Fund
115812;MS Liquid Fund - Regular- Growth;INF063A01274;;1012.3621;1012.3621;1012.3621;28-Oct-2011
115814;MS Liquid Fund - Regular- Weekly Dividend Plan;;INF063A01290;1002.4228;1002.4228;1002.4228;28-Oct-2011
115813;MS Liquid Fund- Regular Daily Dividend Plan;;INF063A01282;1000.4971;1000.4971;1000.4971;28-Oct-2011
115815;MS Liquid Fund- Regular Monthly Dividend Plan;INF063A01316;INF063A01308;1007.5934;1007.5934;1007.5934;28-Oct-2011

PGIM India Mutual Fund
113184;DHFL Pramerica Liquid Fund - Dividend Option - Daily;;INF663L01088;1000.0950;1000.0950;1000.0950;28-Oct-2011
113187;DHFL Pramerica Liquid Fund - Dividend Option - Fortnightly;INF663L01120;INF663L01104;1000.5127;1000.5127;1000.5127;28-Oct-2011
113186;DHFL Pramerica Liquid Fund - Dividend Option - Monthly;INF663L01138;INF663L01112;1000.5084;1000.5084;1000.5084;28-Oct-2011
113183;DHFL Pramerica Liquid Fund - Growth Option;INF663L01070;;1099.2458;1099.2458;1099.2458;28-Oct-2011
113185;DHFL Pramerica Liquid Fund -Dividend Option- Weekly;;INF663L01096;1000.7593;1000.7593;1000.7593;28-Oct-2011

PineBridge Mutual Fund
106513;PineBridge India Liquid Fund- Standard Plan-Daily Dividend Option;;INF178L01699;1001.0000;1001.0000;1001.0000;28-Oct-2011
106508;PineBridge India Liquid Fund- Standard Plan-Growth Option;INF178L01715;;1324.9719;1324.9719;1324.9719;28-Oct-2011
106509;PineBridge India Liquid Fund- Standard Plan-Weekly Dividend Option;;INF178L01764;1001.9771;1001.9771;1001.9771;28-Oct-2011
106506;PineBridge India Liquid Fund-Institutional Plan-Daily Dividend Option;;INF178L01616;1001.0000;1001.0000;1001.0000;28-Oct-2011
106511;PineBridge India Liquid Fund-Institutional Plan-Growth Option;INF178L01632;;1319.5481;1319.5481;1319.5481;28-Oct-2011
106507;PineBridge India Liquid Fund-Institutional Plan-Weekly Dividend Option;;INF178L01681;1001.9673;1001.9673;1001.9673;28-Oct-2011
106503;PineBridge India Liquid Fund-Retail Plan-DailyDividend Option;;INF178L01533;1001.0000;1001.0000;1001.0000;28-Oct-2011
106514;PineBridge India Liquid Fund-Retail Plan-Growth Option;INF178L01558;;1303.1503;1303.1503;1303.1503;28-Oct-2011
106504;PineBridge India Liquid Fund-Retail Plan-Monthly Dividend Option;INF178L01566;INF178L01574;1001.7007;1001.7007;1001.7007;28-Oct-2011
106516;PineBridge India Liquid Fund-Retail Plan-Quarterly Dividend Option;INF178L01582;INF178L01590;1010.1438;1010.1438;1010.1438;28-Oct-2011
106510;PineBridge India Liquid Fund-Retail Plan-Weekly Dividend Option;;INF178L01608;1001.9343;1001.9343;1001.9343;28-Oct-2011

Sahara Mutual Fund
101397;Sahara Liquid Fund-Fixed Pricing -  Weekly Dividend Option;;INF515L01064;1027.4373;1027.4373;1027.4373;28-Oct-2011
101393;Sahara Liquid Fund-Fixed Pricing - Daily Dividend Option;;INF515L01049;1024.9533;1024.9533;1024.9533;28-Oct-2011
101394;Sahara Liquid Fund-Fixed Pricing - Growth option;INF515L01056;;1870.9823;1870.9823;1870.9823;28-Oct-2011
101398;Sahara Liquid Fund-Fixed Pricing - Monthly Dividend Option;;INF515L01072;1033.0859;1033.0859;1033.0859;28-Oct-2011
101399;Sahara Liquid Fund-Variable Pricing - Daily Dividend option;;INF515L01080;1024.9705;1024.9705;1024.9705;28-Oct-2011
101402;Sahara Liquid Fund-Variable Pricing - Growth option;INF515L01114;;1886.5051;1886.5051;1886.5051;28-Oct-2011
101400;Sahara Liquid Fund-Variable Pricing - Weekly Dividend Option;;INF515L01098;1026.4154;1026.4154;1026.4154;28-Oct-2011
101401;Sahara Liquid Fund-Variable Pricing- Monthly Dividend Option;;INF515L01106;1033.4225;1033.4225;1033.4225;28-Oct-2011

Tata Mutual Fund
101987;Tata Liquid Fund Reglar Plan - Monthly Dividend;INF277K01LR5;INF277K01LS3;1010.4090;1010.4090;1010.4090;28-Oct-2011
101861;Tata Liquid Fund-Regular Plan  - Weekly Dividend;INF277K016C5;;1000.8283;1000.8283;1000.8283;28-Oct-2011
101984;Tata Liquid High Investment Plan - Daily;;;1114.3379;1114.3379;1114.3379;28-Oct-2011
101860;Tata Liquid High Investment Plan - Growth;INF277K01LN4;;1702.7414;1702.7414;1702.7414;28-Oct-2011
101985;Tata Liquid High Investment Plan - Monthly;INF277K01LO2;INF277K01LP9;1026.2166;1026.2166;1026.2166;28-Oct-2011
101859;Tata Liquid High Investment Plan - Weekly;;;1147.3116;1147.3116;1147.3116;28-Oct-2011
101982;Tata Liquid Retail Investment PLan - Daily;;;1116.8143;1116.8143;1116.8143;28-Oct-2011
101983;Tata Liquid Retail Investment Plan - Fortnightly;;;1147.7667;1147.7667;1147.7667;28-Oct-2011
101858;Tata Liquid Retail Investment Plan - Growth;INF277K01LM6;;2349.9349;2349.9349;2349.9349;28-Oct-2011
103631;Tata Liquidity Management Fund - Regular Plan - Daily Dividend;;;1002.6089;1000.1024;1002.6089;28-Oct-2011
103632;Tata Liquidity Management Fund - Regular Plan - Growth;INF277K01LW5;;1387.8823;1384.4126;1387.8823;28-Oct-2011
103519;Tata Liquidity Management Fund - Regular Plan  -Weekly Dividend;;;1006.2255;1003.7099;1006.2255;28-Oct-2011

Open Ended Schemes ( Money Market )


quant Mutual Fund
103094;Escorts Mutual Fund Unclaimed Dundee Balanced Fund;;;0;0;0;28-Oct-2011
103093;Escorts Mutual Fund Unclaimed Dundee Corporate Bond Fund-Annual Dividend;;;0;0;0;28-Oct-2011
103089;Escorts Mutual Fund Unclaimed Dundee Corporate Bond Fund-Appreciation;;;0;0;0;28-Oct-2011
103092;Escorts Mutual Fund Unclaimed Dundee Corporate Bond Fund-Half Yearly Dividend;;;0;0;0;28-Oct-2011
103090;Escorts Mutual Fund Unclaimed Dundee Corporate Bond Fund-Monthly Dividend;;;0;0;0;28-Oct-2011
103091;Escorts Mutual Fund Unclaimed Dundee Corporate Bond Fund-Quarterly Dividend;;;0;0;0;28-Oct-2011
103041;Escorts Mutual Fund Unclaimed Dundee Liquidity Fund-Appreciation;;;0;0;0;28-Oct-2011
103042;Escorts Mutual Fund Unclaimed Dundee Liquidity Fund-Dividend;;;0;0;0;28-Oct-2011
103047;Escorts Mutual Fund Unclaimed Dundee PSU Bond Fund-Annual Dividend;;;0;0;0;28-Oct-2011
103043;Escorts Mutual Fund Unclaimed Dundee PSU Bond Fund-Appreciation;;;0;0;0;28-Oct-2011
103046;Escorts Mutual Fund Unclaimed Dundee PSU Bond Fund-Half Yearly Dividend;;;0;0;0;28-Oct-2011
103044;Escorts Mutual Fund Unclaimed Dundee PSU Bond Fund-Monthly Dividend;;;0;0;0;28-Oct-2011
103045;Escorts Mutual Fund Unclaimed Dundee PSU Bond Fund-Quarterly Dividend;;;0;0;0;28-Oct-2011
103033;Escorts Mutual Fund Unclaimed Dundee Sovereign Trust-Annual Dividend;;;0;0;0;28-Oct-2011
103029;Escorts Mutual Fund Unclaimed Dundee Sovereign Trust-Appreciation;;;0;0;0;28-Oct-2011
103032;Escorts Mutual Fund Unclaimed Dundee Sovereign Trust-Half Yearly Dividend;;;0;0;0;28-Oct-2011
103030;Escorts Mutual Fund Unclaimed Dundee Sovereign Trust-Monthly Dividend;;;0;0;0;28-Oct-2011
103095;Escorts Mutual Fund Unclaimed Dundee Tax Saver Fund;;;0;0;0;28-Oct-2011

Tata Mutual Fund
102152;Tata Money Market Fund Regular (Bonus / Dividend);;;10.1557;10.1557;10.1557;28-Oct-2011
102153;Tata Money Market Fund Regular (Growth);INF277K01LY1;;16.4390;16.4390;16.4390;28-Oct-2011

Open Ended Schemes ( Gilt )


Aditya Birla Sun Life Mutual Fund
103190;Aditya Birla Sun Life Government Securities Fund - Short Term Plan - Growth - Regular Plan;INF209K01BD9;;19.8252;19.8252;19.8252;28-Oct-2011
110515;Aditya Birla Sun Life Government Seurities Fund - Short Term Plan - Daily Dividend - Regular Plan;INF209K01BB3;;10.0031;10.0031;10.0031;28-Oct-2011
110668;Aditya Birla Sun Life Govt, Securities Short Term Fund-Institutional Plan A(Dividend);INF209K01KJ7;;10.0000;10.0000;10.0000;28-Oct-2011

Bandhan Mutual Fund
108752;BANDHAN GSF - Investment Plan - Growth;INF194K01DP3;;19.0063;19.0063;19.0063;28-Oct-2011
108754;BANDHAN GSF - Investment Plan - Half Yearly Dividend;INF194K01DR9;INF194K01DQ1;11.2245;11.2245;11.2245;28-Oct-2011
108643;BANDHAN GSF - Investment Plan - Quarterly Dividend;INF194K01DX7;INF194K01DW9;11.3986;11.3986;11.3986;28-Oct-2011
108659;IDFC GSF-Provident Fund-Inst Plan B-Growth;INF194K01ET3;;16.2959;16.2959;16.2959;28-Oct-2011
108660;IDFC GSF-Provident Fund-Inst Plan B-Quarterly Dividend;INF194K01EY3;INF194K01EX5;10.9399;10.9399;10.9399;28-Oct-2011
108663;IDFC GSF-Provident Fund-Regular Plan-Annual Dividend;INF194K01EO4;INF194K01EN6;11.3391;11.3391;11.3391;28-Oct-2011
108661;IDFC GSF-Provident Fund-Regular Plan-Growth;INF194K01EM8;;16.0596;16.0596;16.0596;28-Oct-2011
108662;IDFC GSF-Provident Fund-Regular Plan-Quarterly Dividend;INF194K01ER7;INF194K01EQ9;11.3069;11.3069;11.3069;28-Oct-2011

Canara Robeco Mutual Fund
114683;Canara Robeco Gilt Advantage Fund - Regular Plan - Dividend;INF760K01BD1;INF760K01BC3;10.4918;10.4918;10.4918;28-Oct-2011
114682;Canara Robeco Gilt Advantage Fund - Regular Plan - Growth;INF760K01BB5;;10.5756;10.5756;10.5756;28-Oct-2011

Daiwa Mutual Fund
115057;Daiwa Government Securities Fund - Short Term Plan - Dividend Option;INF752K01107;INF752K01115;1013.4784;1013.4784;1013.4784;28-Oct-2011
115055;Daiwa Government Securities Fund - Short Term Plan - Growth Option;INF752K01099;-;1042.7332;1042.7332;1042.7332;28-Oct-2011

Deutsche Mutual Fund
110703;DWS Gilt Fund - Dividend;INF223J01AO1;INF223J01AP8;11.0125;10.9024;11.0125;28-Oct-2011
110706;DWS Gilt Fund - Growth;INF223J01AQ6;;11.2570;11.1444;11.2570;28-Oct-2011

Edelweiss Mutual Fund
112053;Edelweiss Gilt Fund - Dividend Option;INF754K01442;INF754K01467;10.6688;10.6581;10.6688;28-Oct-2011
112054;Edelweiss Gilt Fund - Growth Option;INF754K01434;;10.6688;10.6581;10.6688;28-Oct-2011

Fidelity Mutual Fund
109557;Fidelity Flexi Gilt Fund - Dividend Option;INF677K01BA3;INF677K01BB1;9.9884;9.9884;9.9884;28-Oct-2011
109556;Fidelity Flexi Gilt Fund - Growth Option;INF677K01AZ2;;11.9772;11.9772;11.9772;28-Oct-2011

HDFC Mutual Fund
101081;HDFC Gilt Fund-Short Term-Dividend;INF179K01780;INF179K01798;10.9197;10.9197;10.9197;28-Oct-2011
101082;HDFC Gilt Fund-Short Term-Growth;INF179K01806;;17.132;17.132;17.132;28-Oct-2011

HSBC Mutual Fund
102065;HSBC Gilt Fund  - Dividend;INF336L01735;INF336L01727;11.4261;11.3690;11.4261;28-Oct-2011
102066;HSBC Gilt Fund  - Growth;INF336L01719;;12.9572;12.8924;12.9572;28-Oct-2011
110457;HSBC Gilt Fund - Dividend - Weekly;;INF336L01743;10.0452;9.9950;10.0452;28-Oct-2011

ICICI Prudential Mutual Fund
102060;ICICI Prudential Gilt Fund Investment Plan PF Option - Growth;INF109K01JS2;;19.4216;19.3051;19.4216;28-Oct-2011
102248;ICICI Prudential Gilt Fund Treasury Plan PF Option - Growth;INF109K01KA8;;16.7444;16.6104;16.7444;28-Oct-2011

ING Mutual Fund
102384;ING Gilt Fund Provident Fund - Dynamic Plan-Annual Dividend Option;INF084M01903;INF084M01911;10.7728;10.7728;10.7728;28-Oct-2011
115070;ING Gilt Fund Provident Fund - Dynamic Plan-Cyclical Series Option 2011;;;10.1313;10.1313;10.1313;28-Oct-2011
102382;ING Gilt Fund Provident Fund - Dynamic Plan-Growth Auto Income Payout Option;INF084M01861;;16.1261;16.1261;16.1261;28-Oct-2011
102381;ING Gilt Fund Provident Fund - Dynamic Plan-Growth Option;INF084M01853;;16.1262;16.1262;16.1262;28-Oct-2011
102383;ING Gilt Fund Provident Fund - Dynamic Plan-Half Yearly Dividend Option;INF084M01887;INF084M01895;10.4534;10.4534;10.4534;28-Oct-2011

Invesco Mutual Fund
107481;Religare Invesco GILT Fund - Short Duration Plan - Growth;INF205K01SZ4;;11.1968;11.1968;11.1968;28-Oct-2011
107480;Religare Invesco GILT Fund - Short Duration Plan - Monthly Dividend;INF205K01TA5;INF205K01TB3;10.7221;10.7221;10.7221;28-Oct-2011

Mirae Asset Mutual Fund
111695;Mirae Asset Gilt Fund Investment Plan - Provident Fund Automatic Capital Appreciation Monthly;INF769K01390;;10.9218;10.8344;10.9218;28-Oct-2011
111701;Mirae Asset Gilt Fund Investment Plan - Regular Dividend;INF769K01333;INF769K01341;10.9206;10.8660;10.9206;28-Oct-2011
111692;Mirae Asset Gilt Fund Investment Plan - Regular Growth;INF769K01325;;10.9187;10.8641;10.9187;28-Oct-2011
111688;Mirae Asset Gilt Fund Savings Plan - Provident Fund Automatic Capital Appreciation Quarterly;INF769K01531;;10.6434;10.5795;10.6434;28-Oct-2011
111683;Mirae Asset Gilt Fund Savings Plan - Regular Dividend;INF769K01465;INF769K01473;10.6406;10.6406;10.6406;28-Oct-2011
111682;Mirae Asset Gilt Fund Savings Plan - Regular Growth;INF769K01457;;10.6400;10.6400;10.6400;28-Oct-2011

Principal Mutual Fund
101117;Principal Government Securities Fund-Dividend Option - Quarterly;INF173K01AN8;INF173K01AO6;10.757;10.6494;10.757;28-Oct-2011
101119;Principal Government Securities Fund-Dividend Option- Annually;INF173K01AQ1;INF173K01AR9;12.8824;12.7536;12.8824;28-Oct-2011
101118;Principal Government Securities Fund-Growth;INF173K01AM0;;20.4213;20.2171;20.4213;28-Oct-2011

Sahara Mutual Fund
101171;Sahara Gilt Fund-Dividend;INF515L01122;INF515L01130;14.9489;14.9489;14.9489;28-Oct-2011
101170;Sahara Gilt Fund-Growth;INF515L01148;;17.9127;17.9127;17.9127;28-Oct-2011

Tata Mutual Fund
102086;Tata Gilt Retirement Plan (28-2-13) Dividend;;;13.0825;13.0825;13.0825;28-Oct-2011
101956;Tata Gilt Retirement Plan (28-2-13) Growth;;;13.0014;13.0014;13.0014;28-Oct-2011
101828;Tata Gilt Securities Short Maturity Fund -Regular Fund-Quarterly DIvidend;INF277K01DP6;INF277K01568;10.9003;10.9003;10.9003;28-Oct-2011
101883;Tata Gilt Securities Short Maturity Fund -Regular Plan-Growth;INF277K01576;;16.0055;16.0055;16.0055;28-Oct-2011

Taurus Mutual Fund
101094;Taurus Gilt Fund-Dividend;INF044D01AL0;INF044D01AM8;14.8323;14.6840;14.8323;28-Oct-2011
101095;Taurus Gilt Fund-Growth;INF044D01AN6;;15.1506;14.9991;15.1506;28-Oct-2011

Open Ended Schemes ( ELSS )


Deutsche Mutual Fund
103559;DWS TAX SAVING FUND-DIVIDEND;INF223J01333;INF223J01341;11.5665;11.5665;11.5665;28-Oct-2011
103558;DWS TAX SAVING FUND-GROWTH;INF223J01358;;12.3722;12.3722;12.3722;28-Oct-2011

Fidelity Mutual Fund
103421;Fidelity Tax Advantage Fund-Dividend Option;;;17.700;17.700;17.700;28-Oct-2011
103420;Fidelity Tax Advantage Fund-Growth Option;;;21.256;21.256;21.256;28-Oct-2011

ING Mutual Fund
102317;ING Tax Savings Fund-Bonus Option;INF084M01333;;28.3200;28.3200;28.3200;28-Oct-2011
102316;ING Tax Savings Fund-Dividend Option;INF084M01317;INF084M01325;13.9500;13.9500;13.9500;28-Oct-2011
102315;ING Tax Savings Fund-Growth Option;INF084M01309;;28.2800;28.2800;28.2800;28-Oct-2011

JPMorgan Mutual Fund
111678;JPMorgan India Tax Advantage Fund - Regular Plan - Dividend Option;INF843K01112;INF843K01120;14.407;14.407;14.407;28-Oct-2011
111677;JPMorgan India Tax Advantage Fund - Regular Plan - Growth Option;INF843K01104;;17.789;17.789;17.789;28-Oct-2011

L&T Mutual Fund
112537;L&T Tax Saver Fund- Regular Plan - Dividend;INF917K01262;INF917K01270;13.27;13.27;13.27;28-Oct-2011
112538;L&T Tax Saver Fund-Regular Plan - Growth;INF917K01288;;14.28;14.28;14.28;28-Oct-2011

Sahara Mutual Fund
100337;SaharaTax Gain-Dividend;INF515L01189;INF515L01197;13.3598;13.2262;13.3598;28-Oct-2011
100338;SaharaTax Gain-Growth;INF515L01205;;35.5947;35.2388;35.5947;28-Oct-2011

Open Ended Schemes ( Floating Rate )


HDFC Mutual Fund
101671;HDFC Floating Rate Income Fund-Long Term Plan-GROWTH;INF179K01624;;17.8194;17.2848;17.8194;28-Oct-2011
101670;HDFC Floating Rate Income Fund-Long Term Plan-Weekly Dividend Option;;INF179K01616;10.1821;9.8766;10.1821;28-Oct-2011

HSBC Mutual Fund
106669;HSBC Floating Rate Fund - Long Term - Dividend - Fortnightly;;INF336L01677;0.0000;0.0000;0.0000;28-Oct-2011
102831;HSBC Floating Rate Fund - Long Term - Dividend - Monthly;INF336L01701;INF336L01693;10.6389;10.6389;10.6389;28-Oct-2011
102830;HSBC Floating Rate Fund - Long Term - Dividend - Weekly;INF336L01628;INF336L01610;11.2490;11.2490;11.2490;28-Oct-2011
102829;HSBC Floating Rate Fund - Long Term - Growth;INF336L01685;;16.1427;16.1427;16.1427;28-Oct-2011
110015;HSBC Floating Rate Fund - Long Term - Inst -Dividend -Daily;;;0.0000;0.0000;0.0000;28-Oct-2011
110016;HSBC Floating Rate Fund - Long Term - Regular - Dividend - Daily;;;10.0818;10.0818;10.0818;28-Oct-2011
102828;HSBC Floating Rate Fund - Long Term - Regular - Dividend - Monthly;INF336L01669;INF336L01651;10.0668;10.0668;10.0668;28-Oct-2011
111759;HSBC Floating Rate Fund - Long Term - Regular - Dividend - weekly;;INF336L01644;10.0203;10.0203;10.0203;28-Oct-2011
102827;HSBC Floating Rate Fund - Long Term - Regular - Growth;INF336L01636;;15.7210;15.7210;15.7210;28-Oct-2011

LIC Mutual Fund
112091;LIC NOMURA MF Floating Rate Fund - Short Term Plan - Daily Dividend;INF767K01436;INF767K01444;10.0200;10.0200;10.0200;28-Oct-2011
102268;LIC NOMURA MF Floating Rate Fund - Short Term Plan-Growth;INF767K01477;;16.7083;16.7083;16.7083;28-Oct-2011
102269;LIC NOMURA MF Floating Rate Fund - Short Term Plan-Weekly Dividend;INF767K01451;INF767K01469;10.1570;10.1570;10.1570;28-Oct-2011

SBI Mutual Fund
102508;SBI Magnum Income Fund - F R P - Long Term - Inst. (D);;;N.A.;N.A.;N.A.;28-Oct-2011
102507;OLD-SBI Magnum Income Fund - F R P - Long Term - Inst. (G);;;N.A.;N.A.;N.A.;28-Oct-2011

Tata Mutual Fund
102155;Tata Floating Rate Fund - Long Term Plan- Regular Plan - Growth;INF277K01YF3;;15.0224;14.9473;15.0224;28-Oct-2011
102154;Tata Floating Rate Fund - Regular Plan- Dividend;INF277K01DM3;INF277K01493;11.5805;11.5226;11.5805;28-Oct-2011

Open Ended Schemes ( Fund of Funds - Domestic )


Aditya Birla Sun Life Mutual Fund
102184;Aditya Birla Sun Life Asset Allocation Fund-Aggressive Plan-Dividend Plan;INF209K01AR1;INF209K01DU9;33.0606;33.0606;33.0606;28-Oct-2011
102185;Aditya Birla Sun Life Asset Allocation Fund-Aggressive Plan-Growth Plan;INF209K01AS9;;33.0606;33.0606;33.0606;28-Oct-2011
102188;Aditya Birla Sun Life Asset Allocation Fund-Conservative Plan-Dividend Plan;INF209K01AV3;INF209K01DW5;20.8569;20.8569;20.8569;28-Oct-2011
102189;Aditya Birla Sun Life Asset Allocation Fund-Conservative Plan-Growth Plan;INF209K01AW1;;20.8569;20.8569;20.8569;28-Oct-2011
102186;Aditya Birla Sun Life Asset Allocation Fund-Moderate Plan-Dividend Plan;INF209K01AT7;INF209K01DV7;27.7179;27.7179;27.7179;28-Oct-2011
102187;Aditya Birla Sun Life Asset Allocation Fund-Moderate Plan-Growth Plan;INF209K01AU5;;27.7179;27.7179;27.7179;28-Oct-2011

Fidelity Mutual Fund
111738;Fidelity Wealth Builder Fund - Plan A - Dividend Option;INF677K01700;INF677K01718;10.3302;10.2269;10.3302;28-Oct-2011
111741;Fidelity Wealth Builder Fund - Plan A - Growth Option;INF677K01726;;11.9514;11.8319;11.9514;28-Oct-2011
111737;Fidelity Wealth Builder Fund - Plan B - Dividend Option;INF677K01734;INF677K01742;10.9397;10.8303;10.9397;28-Oct-2011
111742;Fidelity Wealth Builder Fund - Plan B - Growth Option;INF677K01759;;13.2167;13.0845;13.2167;28-Oct-2011
111740;Fidelity Wealth Builder Fund - Plan C - Dividend Option;INF677K01767;INF677K01775;11.6738;11.5571;11.6738;28-Oct-2011
111739;Fidelity Wealth Builder Fund - Plan C - Growth Option;INF677K01783;;14.9652;14.8155;14.9652;28-Oct-2011

ICICI Prudential Mutual Fund
102249;ICICI Prudential Advisor Series - Conservative Fund - Moderate Plan Dividend-NRI Option;;;10.1073;10.1073;10.1073;28-Oct-2011

ING Mutual Fund
104757;ING 5 Star Multi-Manager FoF Scheme - Dividend;INF084M01AR4;INF084M01AS2;12.5736;12.5736;12.5736;28-Oct-2011
104756;ING 5 Star Multi-Manager FoF Scheme - Growth;INF084M01AQ6;;14.5372;14.5372;14.5372;28-Oct-2011
104649;ING Active Debt Multi-Manager FoF Scheme- Dividend;INF084M01AI3;INF084M01AJ1;10.6234;10.6234;10.6234;28-Oct-2011
104650;ING Active Debt Multi-Manager FoF Scheme- Growth;INF084M01AH5;;14.1059;14.1059;14.1059;28-Oct-2011
104174;ING Asset Allocator Multi-Manager FoF Scheme - Dividend;INF084M01AF9;INF084M01AG7;14.3293;14.3293;14.3293;28-Oct-2011
104175;ING Asset Allocator Multi-Manager FoF Scheme - Growth;INF084M01AE2;;15.5550;15.5550;15.5550;28-Oct-2011
115222;ING FINANCIAL PLANNING FUND - Aggressive Plan - Dividend Option;INF084M01119;INF084M01127;9.8689;9.8689;9.8689;28-Oct-2011
115221;ING FINANCIAL PLANNING FUND - Aggressive Plan - Growth Option;INF084M01101;;9.8696;9.8696;9.8696;28-Oct-2011
115218;ING FINANCIAL PLANNING FUND - Cautious Plan - Dividend Option;INF084M01028;INF084M01036;10.3349;10.3349;10.3349;28-Oct-2011
115217;ING FINANCIAL PLANNING FUND - Cautious Plan - Growth Option;INF084M01010;;10.3851;10.3851;10.3851;28-Oct-2011
115220;ING FINANCIAL PLANNING FUND - Conservative Plan - Dividend Option;INF084M01051;INF084M01069;10.4300;10.4300;10.4300;28-Oct-2011
115219;ING FINANCIAL PLANNING FUND - Conservative Plan - Growth Option;INF084M01044;;10.4301;10.4301;10.4301;28-Oct-2011
115216;ING FINANCIAL PLANNING FUND - Prudent Plan - Dividend Option;INF084M01085;INF084M01093;10.2255;10.2255;10.2255;28-Oct-2011
115122;ING FINANCIAL PLANNING FUND - Prudent Plan - Growth Option;INF084M01077;;10.2253;10.2253;10.2253;28-Oct-2011
103740;ING Income Growth Multi-Manager FoF Scheme Option A -15% Equity Plan-Growth;INF084M01AK9;;12.1494;12.1494;12.1494;28-Oct-2011
103739;ING Income Growth Multi-Manager FoF Scheme-15% Equity Plan Option A-Dividend;INF084M01AL7;INF084M01AM5;11.7491;11.7491;11.7491;28-Oct-2011
103741;ING Income Growth Multi-Manager FoF Scheme-30% Equity Plan Option A -Dividend;INF084M01AO1;INF084M01AP8;12.6781;12.6781;12.6781;28-Oct-2011
103742;ING Income Growth Multi-Manager FoF Scheme-30% Equity Plan Option A -Growth;INF084M01AN3;;13.1142;13.1142;13.1142;28-Oct-2011

Open Ended Schemes ( GOLD ETFs )


Goldman Sachs Mutual Fund
115744;Goldman Sachs Gold Exchange Traded Scheme (GS Gold BeES);INF732E01102;;2648.2783;2648.2783;2648.2783;28-Oct-2011

Nippon India Mutual Fund
107015;R * Shares Gold ETF -Dividend Payout Option;INF733I01010;;2588.8853;2588.8853;2588.8853;28-Oct-2011

Open Ended Schemes ( Other ETFs )


360 ONE Mutual Fund (Formerly Known as IIFL Mutual Fund)
115912;IIFL NIFTY ETF-GROWTH;INF579M01019;;534.9143;534.9143;534.9143;28-Oct-2011

Goldman Sachs Mutual Fund
115731;Goldman Sachs Banking Index Exchange Traded Scheme (GS Bank BeES);INF732E01078;;1004.6059;1004.6059;1004.6059;28-Oct-2011
115750;Goldman Sachs CNX Nifty Shariah Exchange Traded Scheme (GS S&P Shariah BeES);INF732E01128;;123.4397;123.4397;123.4397;28-Oct-2011
115751;Goldman Sachs Hang Seng Exchange Traded Scheme (GS Hang Seng BeES);INF732E01227;;1308.6511;1308.6511;1308.6511;28-Oct-2011
115755;Goldman Sachs Infrastructure Exchange Traded Scheme (GS Infra BeES);INF732E01268;;268.9800;268.9800;268.9800;28-Oct-2011
115730;Goldman Sachs Liquid Exchange Traded Scheme (GS Liquid BeES);;INF732E01037;1000.0000;1000.0000;1000.0000;28-Oct-2011
115728;Goldman Sachs Nifty Exchange Traded Scheme (GS Nifty BeES);INF732E01011;;546.7291;546.7291;546.7291;28-Oct-2011
115729;Goldman Sachs Nifty Junior Exchange Traded Scheme (GS Junior BeES);INF732E01045;;100.3401;100.3401;100.3401;28-Oct-2011
115747;Goldman Sachs PSU Bank Exchange Traded Scheme (GS PSU Bank BeES);INF732E01110;;328.0614;328.0614;328.0614;28-Oct-2011

Nippon India Mutual Fund
108410;R * Shares Banking ETF -Dividend Payout Option;INF733I01028;;1027.2668;1027.2668;1027.2668;28-Oct-2011

UTI Mutual Fund
101898;UTI Sunder;INF789F01042;;584.3377;584.3377;584.3377;28-Oct-2011

Open Ended Schemes ( Fund of Funds - Overseas )


Deutsche Mutual Fund
112854;DWS Global Agribusiness Fund - Dividend;INF223J01AS2;INF223J01AT0;12.06;11.94;12.06;28-Oct-2011
112853;DWS Global Agribusiness Fund - Growth;INF223J01AU8;;12.06;11.94;12.06;28-Oct-2011
114970;DWS Global Agribusiness Offshore Fund - Bonus;INF223J01AV6;;10.08;9.98;10.08;28-Oct-2011
106668;DWS Top Euroland Offshore Fund - Dividend;INF223J01AW4;INF223J01AX2;8.49;8.41;8.49;28-Oct-2011
106667;DWS Top Euroland Offshore Fund - Growth;INF223J01AY0;;8.49;8.41;8.49;28-Oct-2011

Fidelity Mutual Fund
112406;Fidelity Global Real Assets Fund-Dividend Option;INF677K01197;INF677K01205;12.899;12.770;12.899;28-Oct-2011
112350;Fidelity Global Real Assets Fund-Growth Option;INF677K01189;;12.899;12.770;12.899;28-Oct-2011

ING Mutual Fund
110106;ING Global Commodities Fund- Dividend Option;INF084M01AU8;INF084M01AV6;13.5442;13.5442;13.5442;28-Oct-2011
110105;ING Global Commodities Fund-Growth Option;INF084M01AT0;;13.5534;13.5534;13.5534;28-Oct-2011
107998;ING Global Real Estate Fund - Institutional Plan Dividend Option;INF084M01BD2;INF084M01BE0;10.0000;10.0000;10.0000;28-Oct-2011
107999;ING Global Real Estate Fund - Institutional Plan Growth Option;INF084M01BC4;;10.0000;10.0000;10.0000;28-Oct-2011
107339;ING Global Real Estate Fund - Retail Plan - Dividend Option;INF084M01BA8;INF084M01BB6;10.8600;10.8600;10.8600;28-Oct-2011
107341;ING Global Real Estate Fund - Retail Plan Growth Option;INF084M01AZ7;;10.8500;10.8500;10.8500;28-Oct-2011
109695;ING Latin America Equity Fund - Dividend Option;INF084M01BG5;INF084M01BH3;10.7900;10.7900;10.7900;28-Oct-2011
109696;ING Latin America Equity Fund - Growth Option;INF084M01BF7;;10.8000;10.8000;10.8000;28-Oct-2011

JPMorgan Mutual Fund
115293;JPMorgan ASEAN Equity Off-shore Fund - Regular Plan - Growth Option;INF843K01609;;10.248;10.146;10.248;28-Oct-2011
113394;JPMorgan EEMEA Equity Off-shore Fund - Regular Plan - Growth Option;INF843K01450;;9.048;8.958;9.048;28-Oct-2011
112084;JPMorgan Greater China Equity Off-shore Fund - Regular Plan - Growth Option;INF843K01138;;11.142;11.031;11.142;28-Oct-2011

Mirae Asset Mutual Fund
112147;Mirae Asset China Advantage Fund - Regular Plan Growth Option;INF769K01077;;9.9210;9.8220;9.9210;28-Oct-2011
112148;Mirae Asset China Advatage Fund-Regular Plan Dividend;INF769K01093;INF769K01085;9.9210;9.8220;9.9210;28-Oct-2011

PineBridge Mutual Fund
108168;PineBridge World Gold Fund - Standard Plan - Dividend Option;INF178L01137;INF178L01145;14.894;14.745;14.894;28-Oct-2011
108169;PineBridge World Gold Fund - Standard Plan - Growth Option;INF178L01152;;16.512;16.347;16.512;28-Oct-2011

Open Ended Schemes ( Equity Scheme - Multi Cap Fund )


Baroda BNP Paribas Mutual Fund
102020;Baroda BNP Paribas MULTI CAP FUND - Regular Plan - Growth Option;INF955L01674;;47.01;46.54;47.01;28-Oct-2011
102021;Baroda BNP Paribas MULTI CAP FUND - Regular Plan - IDCW Option;INF955L01658;INF955L01666;26.48;26.22;26.48;28-Oct-2011

BNP Paribas Mutual Fund
113460;BNP PARIBAS MULTI CAP Fund-Growth Option;INF251K01951;;17.686;17.686;17.686;28-Oct-2011
113461;BNP PARIBAS MULTI CAP Fund-Income Distribution cum Capital Withdrawal Option;INF251K01977;INF251K01969;10.405;10.405;10.405;28-Oct-2011

ICICI Prudential Mutual Fund
101228;ICICI Prudential Multicap Fund - Growth;INF109K01613;;105.33;104.28;105.33;28-Oct-2011
101706;ICICI Prudential Multicap Fund - IDCW;INF109K01FK7;INF109K01621;15.64;15.48;15.64;28-Oct-2011
102957;ICICI Prudential Multicap Fund - Institutional Option - I;INF109K01639;;29.66;29.36;29.66;28-Oct-2011

Invesco Mutual Fund
107353;Invesco India Multicap Fund - Growth Option;INF205K01DN2;;14.23;14.09;14.23;28-Oct-2011
107352;Invesco India Multicap Fund - IDCW (Payout / Reinvestment);INF205K01DO0;INF205K01DP7;14.22;14.08;14.22;28-Oct-2011

Nippon India Mutual Fund
101163;NIPPON INDIA MULTI CAP FUND - IDCW Option;INF204K01455;INF204K01463;22.5973;22.3713;22.5973;28-Oct-2011
106252;Nippon India Multi Cap Fund Institutional Dividend Plan;INF204K01414;INF204K01422;32.9861;32.6562;32.9861;28-Oct-2011
106253;Nippon India Multi Cap Fund Institutional Plan Growth Plan Growth Option;INF204K01448;;9.2024;9.1104;9.2024;28-Oct-2011
101162;Nippon India Multi Cap Fund-Growth Plan-Bonus Option;INF204K01471;;34.9512;34.6017;34.9512;28-Oct-2011
101161;Nippon India Multi Cap Fund-Growth Plan-Growth Option;INF204K01489;;34.9512;34.6017;34.9512;28-Oct-2011

Principal Mutual Fund
100966;Principal Multi Cap Growth Fund- Half Yearly Income Distribution CUM Capital Withdrawal Option;INF173K01957;INF173K01965;20.81;20.6;20.81;28-Oct-2011
100967;Principal Multi Cap Growth Fund-Growth Option;INF173K01940;;45.93;45.47;45.93;28-Oct-2011

quant Mutual Fund
100631;quant Active Fund-GROWTH OPTION - Regular Plan;INF966L01234;;63.8545;63.2160;63.8545;28-Oct-2011
100630;quant Active Fund-IDCW Option - Regular Plan;INF966L01218;INF966L01226;9.8801;9.7813;9.8801;28-Oct-2011

Open Ended Schemes ( Equity Scheme - Large Cap Fund )


Aditya Birla Sun Life Mutual Fund
103174;Aditya Birla Sun Life Frontline Equity Fund-Growth;INF209K01BR9;;83.38;82.55;83.38;28-Oct-2011
103173;Aditya Birla Sun Life Frontline Equity Fund-Regular - IDCW;INF209K01BO6;INF209K01EC5;20.04;19.84;20.04;28-Oct-2011

Axis Mutual Fund
112277;Axis Bluechip Fund - Regular Plan - Growth;INF846K01164;;10.34;10.24;10.34;28-Oct-2011
112278;Axis Bluechip Fund - Regular Plan - IDCW;INF846K01172;INF846K01180;10.34;10.24;10.34;28-Oct-2011

Bandhan Mutual Fund
108799;BANDHAN Large Cap Fund - Regular Plan - Growth;INF194K01516;;15.3454;15.3454;15.3454;28-Oct-2011
108800;BANDHAN Large Cap Fund - Regular Plan - IDCW;INF194K01490;INF194K01508;11.5873;11.5873;11.5873;28-Oct-2011

Baroda BNP Paribas Mutual Fund
112943;Baroda Large cap Fund - Plan A - Growth Option;INF955L01633;;8.17;8.09;8.17;28-Oct-2011
112944;Baroda Large cap Fund - Plan A - IDCW Option;INF955L01617;INF955L01625;8.17;8.09;8.17;28-Oct-2011

BNP Paribas Mutual Fund
113544;BNP PARIBAS LARGE CAP Fund-Growth Option;INF251K01894;;33.82;33.82;33.82;28-Oct-2011
113545;BNP PARIBAS LARGE CAP Fund-Income Distribution cum Capital Withdrawal Option;INF251K01910;INF251K01902;11.44;11.44;11.44;28-Oct-2011

Canara Robeco Mutual Fund
113221;CANARA ROBECO BLUE CHIP EQUITY FUND - REGULAR PLAN - GROWTH OPTION;INF760K01AR3;;10.2400;10.2400;10.2400;28-Oct-2011
113222;CANARA ROBECO BLUE CHIP EQUITY FUND - REGULAR PLAN - IDCW (Payout/Reinvestment);INF760K01AS1;INF760K01AT9;10.2400;10.2400;10.2400;28-Oct-2011

DSP Mutual Fund
101635;DSP Top 100 Equity Fund - Regular Plan - Growth;INF740K01243;;96.652;95.685;96.652;28-Oct-2011
101636;DSP Top 100 Equity Fund - Regular Plan - IDCW;INF740K01227;INF740K01235;20.506;20.301;20.506;28-Oct-2011

Edelweiss Mutual Fund
111938;Edelweiss Large Cap Fund - Plan B - IDCW Option;INF754K01053;INF754K01061;13.99;13.85;13.99;28-Oct-2011
111939;Edelweiss Large Cap Fund - Plan C - IDCW Option;INF754K01095;INF754K01103;11.92;11.80;11.92;28-Oct-2011
111940;Edelweiss Large Cap Fund - Regular Plan - Growth Option;INF754K01046;;13.76;13.62;13.76;28-Oct-2011
111936;Edelweiss Large Cap Fund - Regular Plan - IDCW Option;INF754K01012;INF754K01020;11.83;11.71;11.83;28-Oct-2011
111935;Edelweiss Large Cap Fund -Plan B - Growth option;INF754K01087;;13.83;13.69;13.83;28-Oct-2011
111937;Edelweiss Large Cap Fund -Plan C - Growth option;INF754K01129;;13.85;13.71;13.85;28-Oct-2011

Franklin Templeton Mutual Fund
100470;Franklin India BLUECHIP FUND - IDCW ;INF090I01155;INF090I01163;37.7825;37.4047;37.7825;28-Oct-2011
100471;Franklin India Bluechip Fund-Growth;INF090I01171;;210.6364;208.5300;210.6364;28-Oct-2011

HDFC Mutual Fund
102000;HDFC Top 100 Fund - Growth Option - Regular Plan;INF179K01BE2;;198.173;196.191;198.173;28-Oct-2011
102001;HDFC Top 100 Fund - IDCW Option - Regular Plan;INF179K01BC6;INF179K01BD4;42.909;42.48;42.909;28-Oct-2011

HSBC Mutual Fund
101594;HSBC Large Cap Fund - Regular Growth;INF336L01016;;96.5875;95.6216;96.5875;28-Oct-2011
101593;HSBC Large Cap Fund - Regular IDCW;INF336L01024;INF336L01032;24.2956;24.0526;24.2956;28-Oct-2011

ICICI Prudential Mutual Fund
108466;ICICI Prudential Bluechip Fund - Growth;INF109K01BL4;;16.20;16.04;16.20;28-Oct-2011
108465;ICICI Prudential Bluechip Fund - IDCW;INF109K01EP9;INF109K01BM2;15.46;15.31;15.46;28-Oct-2011
108467;ICICI Prudential Bluechip Fund - Institutional Option - I - Growth;INF109K01BN0;;16.69;16.52;16.69;28-Oct-2011

Invesco Mutual Fund
112098;Invesco India Largecap Fund - Growth;INF205K01304;;11.84;11.72;11.84;28-Oct-2011
112099;Invesco India Largecap Fund - IDCW (Payout / Reinvestment);INF205K01320;INF205K01312;10.77;10.66;10.77;28-Oct-2011

JM Financial Mutual Fund
100219;JM Large Cap Fund (Regular) - Growth Option;INF192K01601;;33.1970;33.1970;33.1970;28-Oct-2011
100218;JM Large Cap Fund (Regular) - IDCW ;INF192K01585;INF192K01593;13.5132;13.5132;13.5132;28-Oct-2011

Kotak Mahindra Mutual Fund
114458;Kotak Bluechip Fund - Growth;INF174K01153;;98.318;97.335;98.318;28-Oct-2011
114457;Kotak Bluechip Fund - Payout of Income Distribution cumcapital withdrawal option;INF174K01179;INF174K01161;29.029;28.739;29.029;28-Oct-2011

LIC Mutual Fund
106871;LIC MF Large Cap Fund-Regular Plan-Growth;INF767K01105;;12.0338;11.9135;12.0338;28-Oct-2011
100332;LIC MF Large Cap Fund-Regular Plan-IDCW;INF767K01097;INF767K01089;10.6723;10.5656;10.6723;28-Oct-2011

Mirae Asset Mutual Fund
107578;Mirae Asset Large Cap Fund - Growth Plan;INF769K01010;;15.7990;15.6410;15.7990;28-Oct-2011
107579;Mirae Asset Large Cap Fund Regular IDCW;INF769K01036;INF769K01028;13.2340;13.1020;13.2340;28-Oct-2011

Navi Mutual Fund
115790;Navi Large Cap Equity Fund - Growth Option;INF959L01080;;10.2622;10.1596;10.2622;28-Oct-2011
115788;Navi Large Cap Equity Fund - Normal IDCW Payout;INF959L01064;INF959L01072;10.2622;10.1596;10.2622;28-Oct-2011

Nippon India Mutual Fund
106235;Nippon India Large Cap  Fund- Growth Plan -Growth Option;INF204K01562;;12.1743;12.0526;12.1743;28-Oct-2011
106236;NIPPON INDIA LARGE CAP FUND - IDCW Option;INF204K01539;INF204K01547;11.2091;11.0970;11.2091;28-Oct-2011
106240;Nippon India Large Cap Fund- Growth Plan Bonus Option;INF204K01554;;12.1744;12.0527;12.1744;28-Oct-2011
106238;Nippon India Large Cap Fund-Institutional Plan Growth Plan Bonus Option;INF204K01513;;12.4082;12.2841;12.4082;28-Oct-2011
106239;Reliance Top 200 Fund-Institutional Plan Dividend Option;INF204K01497;INF204K01505;11.4421;11.3277;11.4421;28-Oct-2011

SBI Mutual Fund
103616;SBI Blue Chip Fund - Regular Plan - Income Distribution cum Capital Withdrawal Option (IDCW);INF200K01164;INF200K01172;10.54;10.54;10.54;28-Oct-2011
103504;SBI BLUE CHIP FUND-REGULAR PLAN GROWTH;INF200K01180;;13.49;13.49;13.49;28-Oct-2011

Tata Mutual Fund
100475;Tata Large Cap Fund -Regular Plan - Growth Option;INF277K01931;;94.0470;93.1065;94.0470;28-Oct-2011
102036;Tata Large Cap Fund- Regular Plan - Payout of IDCW Option;INF277K01EG3;INF277K01923;35.3863;35.0324;35.3863;28-Oct-2011

Taurus Mutual Fund
101209;Taurus Large Cap Fund - Regular Plan - Growth;INF044D01773;;39.83;39.43;39.83;28-Oct-2011
108403;Taurus Large Cap Fund - Regular Plan - Payout of Income Distribution cum Capital Withdrawal option;INF044D01740;INF044D01757;40.09;39.69;40.09;28-Oct-2011

UTI Mutual Fund
100651;UTI Large Cap Fund - Regular Plan - Growth Option;INF789F01976;;52.48;52.48;52.48;28-Oct-2011
100650;UTI Large Cap Fund - Regular Plan - IDCW;INF189A01038;INF789F01950;28.21;28.21;28.21;28-Oct-2011

Open Ended Schemes ( Equity Scheme - Large & Mid Cap Fund )


Aditya Birla Sun Life Mutual Fund
100033;Aditya Birla Sun Life Equity Advantage Fund - Regular Growth;INF209K01165;;143.96;143.24;143.96;28-Oct-2011
100034;Aditya Birla Sun Life Equity Advantage Fund -Regular - IDCW;INF209K01157;INF209K01CE5;73.65;73.28;73.65;28-Oct-2011

Bandhan Mutual Fund
108596;BANDHAN Core Equity Fund - Regular Plan - Growth;INF194K01524;;19.1115;19.1115;19.1115;28-Oct-2011
108597;BANDHAN Core Equity Fund - Regular Plan - IDCW;INF194K01532;INF194K01540;11.8422;11.8422;11.8422;28-Oct-2011
111864;IDFC Core Equity Fund-Plan B- Dividend;INF194K01185;INF194K01193;10.2802;10.2802;10.2802;28-Oct-2011
111863;IDFC Core Equity Fund-Plan B- Growth;INF194K01177;;15.1925;15.1925;15.1925;28-Oct-2011

Bank of India Mutual Fund
110598;BANK OF INDIA Large & Mid Cap  Equity Fund Regular Plan- Quarterly IDCW;INF761K01116;INF761K01124;10.69;10.58;10.69;28-Oct-2011
110599;BANK OF INDIA Large & Mid Cap Equity Fund Eco Plan- Growth;INF761K01041;;16.96;16.79;16.96;28-Oct-2011
110601;BANK OF INDIA Large & Mid Cap Equity Fund Eco Plan-Bonus;INF761K01017;;16.96;16.79;16.96;28-Oct-2011
110604;BANK OF INDIA Large & Mid Cap Equity Fund Eco Plan-Quarterly IDCW;INF761K01058;INF761K01066;10.78;10.67;10.78;28-Oct-2011
110608;BANK OF INDIA Large & Mid Cap Equity Fund Eco Plan-Regular IDCW;INF761K01025;INF761K01033;11.93;11.81;11.93;28-Oct-2011
110603;BANK OF INDIA Large & Mid Cap Equity Fund Regular Plan- Growth;INF761K01108;;16.83;16.66;16.83;28-Oct-2011
110607;BANK OF INDIA Large & Mid Cap Equity Fund Regular Plan- Regular IDCW;INF761K01082;INF761K01090;11.86;11.74;11.86;28-Oct-2011
110606;BANK OF INDIA Large & Mid Cap Equity Fund Regular Plan-Bonus;INF761K01074;;16.83;16.66;16.83;28-Oct-2011

Canara Robeco Mutual Fund
102920;CANARA ROBECO EMERGING EQUITIES - REGULAR PLAN - GROWTH OPTION;INF760K01167;;21.5100;21.5100;21.5100;28-Oct-2011
102921;CANARA ROBECO EMERGING EQUITIES - REGULAR PLAN - IDCW (Payout/Reinvestment);INF760K01175;INF760K01183;14.8400;14.8400;14.8400;28-Oct-2011
102922;Canara Robeco Emerging Equities-BONUS OPTION;INF760K01159;;18.0000;18.0000;18.0000;28-Oct-2011

DSP Mutual Fund
103819;DSP Equity Opportunities Fund-Regular Plan - Growth;INF740K01094;;80.757;79.949;80.757;28-Oct-2011
103820;DSP Equity Opportunities Fund-Regular Plan - IDCW;INF740K01078;INF740K01086;26.218;25.956;26.218;28-Oct-2011

Franklin Templeton Mutual Fund
102883;Franklin India Equity Advantage Fund - Growth Plan;INF090I01205;;31.0645;30.7539;31.0645;28-Oct-2011
102884;Franklin India Equity Advantage Fund - IDCW ;INF090I01189;INF090I01197;14.2135;14.0714;14.2135;28-Oct-2011

ICICI Prudential Mutual Fund
100349;ICICI Prudential Large & Mid Cap Fund - Growth;INF109K01431;;130.34;129.04;130.34;28-Oct-2011
100348;ICICI Prudential Large & Mid Cap Fund - IDCW;INF109K01EQ7;INF109K01449;13.86;13.72;13.86;28-Oct-2011
100350;ICICI Prudential Large & Mid Cap Fund - Institutional Option - I - Growth;INF109K01456;;18.59;18.40;18.59;28-Oct-2011

Invesco Mutual Fund
106144;Invesco India Large & Mid Cap Fund - Growth;INF205K01247;;12.36;12.24;12.36;28-Oct-2011
106143;Invesco India Large & Mid Cap Fund - IDCW (Payout / Reinvestment);INF205K01262;INF205K01254;11.23;11.12;11.23;28-Oct-2011

Kotak Mahindra Mutual Fund
103234;Kotak Equity Opportunities Fund - Growth;INF174K01187;;43.083;42.652;43.083;28-Oct-2011
103233;Kotak Equity Opportunities Fund - Payout of Income Distribution cum capital withdrawal option;INF174K01203;INF174K01195;13.938;13.799;13.938;28-Oct-2011

Mirae Asset Mutual Fund
112932;Mirae Asset Large & Midcap Fund - Regular Plan - Growth;INF769K01101;;10.8980;10.7890;10.8980;28-Oct-2011
112931;Mirae Asset Large & Midcap Fund - Regular Plan - IDCW;INF769K01127;INF769K01119;10.8980;10.7890;10.8980;28-Oct-2011

Nippon India Mutual Fund
100378;NIPPON INDIA VISION FUND - IDCW Option;INF204K01372;INF204K01380;36.6709;36.3042;36.6709;28-Oct-2011
106255;Nippon India Vision Fund Institutional Dividend Plan;INF204K01331;INF204K01349;225.2947;223.0418;225.2947;28-Oct-2011
100379;Nippon India Vision Fund-GROWTH PLAN-Bonus Option;INF204K01398;;41.9385;41.5191;41.9385;28-Oct-2011
100380;Nippon India Vision Fund-GROWTH PLAN-Growth Option;INF204K01406;;249.1732;246.6815;249.1732;28-Oct-2011
106256;Reliance Vision Fund Institutional Plan Growth Plan Growth Option;INF204K01364;;249.6656;247.1689;249.6656;28-Oct-2011

Principal Mutual Fund
111381;Principal Emerging Bluechip Fund - Growth Option;INF173K01155;;25.54;25.28;25.54;28-Oct-2011
111382;Principal Emerging Bluechip Fund - Half Yearly Income Distribution CUM Capital Withdrawal Option;INF173K01163;INF173K01171;19.46;19.27;19.46;28-Oct-2011

quant Mutual Fund
104515;quant Large & Mid Cap Fund - Bonus Option - Regular Plan;INF966L01424;;13.2270;13.0947;13.2270;28-Oct-2011
104513;quant Large & Mid Cap Fund - Growth Option;INF966L01341;;13.1869;13.0550;13.1869;28-Oct-2011
104514;quant Large & Mid Cap Fund - IDCW Option - Regular Plan;INF966L01325;INF966L01333;10.1792;10.0774;10.1792;28-Oct-2011

SBI Mutual Fund
101530;SBI Large & Midcap Fund - Regular Plan - Income Distribution cum Capital Withdrawal Option (IDCW);INF200K01289;INF200K01297;47.48;47.01;47.48;28-Oct-2011
103024;SBI LARGE & MIDCAP FUND- REGULAR PLAN -Growth;INF200K01305;;75.06;74.31;75.06;28-Oct-2011

Sundaram Mutual Fund
105001;Sundaram Large and Midcap Fund Regular Plan - Growth;INF903J01DT1;;12.8524;12.7239;12.8524;28-Oct-2011
105000;Sundaram Large and Midcap Regular Plan - Income Distribution cum Capital Withdrawal (IDCW);INF903J01DU9;INF903J01DV7;10.4792;10.3744;10.4792;28-Oct-2011

Tata Mutual Fund
101823;Tata Large & Mid Cap Fund Regular Plan - Payout of IDCW Option;INF277K01DH3;INF277K01410;19.4476;19.2531;19.4476;28-Oct-2011
101824;Tata Large & Mid Cap Fund- Regular Plan - Growth Option;INF277K01428;;75.8411;75.0827;75.8411;28-Oct-2011

UTI Mutual Fund
100664;UTI Large & Mid Cap Fund - Regular Plan - Growth Option;INF789F01869;;28.04;28.04;28.04;28-Oct-2011
100663;UTI Large & Mid Cap Fund - Regular Plan - IDCW;INF189A01046;INF789F01851;21.78;21.78;21.78;28-Oct-2011

Open Ended Schemes ( Equity Scheme - Mid Cap Fund )


Aditya Birla Sun Life Mutual Fund
101591;Aditya Birla Sun Life Midcap Fund -REGULAR - IDCW;INF209K01355;INF209K01CN6;20.40;20.20;20.40;28-Oct-2011
101592;Aditya Birla Sun Life MIDCAP Fund-Growth;INF209K01363;;100.61;99.60;100.61;28-Oct-2011

Axis Mutual Fund
114564;Axis Midcap Fund - Regular Plan - Growth;INF846K01859;;9.99;9.89;9.99;28-Oct-2011
114565;Axis Midcap Fund - Regular Plan - IDCW;INF846K01867;INF846K01875;9.98;9.88;9.98;28-Oct-2011

Baroda BNP Paribas Mutual Fund
113327;Baroda Mid-cap Fund- Plan A - Growth Option;INF955L01609;;7.65;7.57;7.65;28-Oct-2011
113328;Baroda Mid-cap Fund- Plan A - IDCW Option;INF955L01583;INF955L01591;7.65;7.57;7.65;28-Oct-2011

BNP Paribas Mutual Fund
113566;BNP Paribas Mid Cap Fund-Growth Option;INF251K01AW3;;9.461;9.461;9.461;28-Oct-2011
113567;BNP Paribas Mid Cap Fund-Income Distribution cum Capital Withdrawal Option;INF251K01AX1;INF251K01AY9;9.422;9.422;9.422;28-Oct-2011

DSP Mutual Fund
104481;DSP Midcap Fund - Regular Plan - Growth;INF740K01128;;16.982;16.812;16.982;28-Oct-2011
104482;DSP Midcap Fund - Regular Plan - IDCW;INF740K01102;INF740K01110;14.258;14.115;14.258;28-Oct-2011

Franklin Templeton Mutual Fund
100472;Franklin India PRIMA FUND - IDCW ;INF090I01726;INF090I01734;34.2909;33.9480;34.2909;28-Oct-2011
100473;Franklin India Prima Fund-Growth;INF090I01809;;257.1235;254.5523;257.1235;28-Oct-2011

HDFC Mutual Fund
105758;HDFC Mid-Cap Opportunities Fund - Growth Plan;INF179K01CR2;;15.267;15.114;15.267;28-Oct-2011
105757;HDFC Mid-Cap Opportunities Fund - IDCW Plan;INF179K01CS0;INF179K01CT8;15.267;15.114;15.267;28-Oct-2011

ICICI Prudential Mutual Fund
102528;ICICI Prudential MidCap Fund - Growth;INF109K01AN2;;28.88;28.59;28.88;28-Oct-2011
102529;ICICI Prudential MidCap Fund - IDCW;INF109K01EH6;INF109K01AL6;14.38;14.24;14.38;28-Oct-2011
102530;ICICI Prudential MidCap Fund - Institutional Option - I;INF109K01AM4;;11.94;11.82;11.94;28-Oct-2011

Invesco Mutual Fund
105503;Invesco India Midcap Fund - Growth Option;INF205K01BC9;;14.35;14.21;14.35;28-Oct-2011
105504;Invesco India Midcap Fund - IDCW (Payout / Reinvestment);INF205K01BD7;INF205K01BE5;11.89;11.77;11.89;28-Oct-2011

Kotak Mahindra Mutual Fund
104908;Kotak Emerging Equity Scheme - Growth;INF174K01DS9;;10.72;10.613;10.72;28-Oct-2011
104907;Kotak Emerging Equity Scheme - Payout of Income Distribution cum capital withdrawal option;INF174K01DU5;INF174K01DT7;10.01;9.91;10.01;28-Oct-2011

L&T Mutual Fund
112496;L&T Mid Cap Fund-Regular Plan-Growth;INF917K01254;;35.18;35.18;35.18;28-Oct-2011
112495;L&T Mid Cap Fund-Regular Plan-IDCW;INF917K01239;INF917K01247;17.87;17.87;17.87;28-Oct-2011

Nippon India Mutual Fund
100375;NIPPON INDIA GROWTH FUND - IDCW Option;INF204K01299;INF204K01307;48.5037;48.0187;48.5037;28-Oct-2011
106260;NIPPON INDIA GROWTH FUND - INSTITUTIONAL Plan - IDCW Option;INF204K01257;INF204K01265;413.1004;408.9694;413.1004;28-Oct-2011
100376;Nippon India Growth Fund-Growth Plan-Bonus Option;INF204K01315;;70.7999;70.0919;70.7999;28-Oct-2011
100377;Nippon India Growth Fund-Growth Plan-Growth Option;INF204K01323;;426.9343;422.6650;426.9343;28-Oct-2011
106258;Reliance Growth Fund Institutional Plan Growth Plan Growth Option;INF204K01281;;430.9488;426.6393;430.9488;28-Oct-2011

quant Mutual Fund
101065;quant Mid Cap Fund - Growth Option - Regular Plan;INF966L01176;;27.4615;27.1869;27.4615;28-Oct-2011
101066;quant Mid Cap Fund - IDCW Option - Regular Plan;INF966L01150;INF966L01168;9.7206;9.6234;9.7206;28-Oct-2011

SBI Mutual Fund
102941;SBI Magnum MIDCAP FUND - REGULAR PLAN - GROWTH;INF200K01560;;21.47;21.26;21.47;28-Oct-2011
102942;SBI Magnum MidCap Fund - Regular Plan - Income Distribution cum Capital Withdrawal Option (IDCW);INF200K01578;INF200K01586;16.46;16.3;16.46;28-Oct-2011

Sundaram Mutual Fund
111941;Sundaram Mid Cap Fund Institutional Plan - Growth;INF903J01207;;146.6687;146.6687;146.6687;28-Oct-2011
111942;Sundaram Mid Cap Fund Institutional Plan - Income Distribution cum Capital Withdrawal (IDCW);INF903J01215;INF903J01223;15.1657;15.1657;15.1657;28-Oct-2011
101539;Sundaram Mid Cap Fund Regular Plan - Growth;INF903J01173;;143.4408;142.0064;143.4408;28-Oct-2011
101538;Sundaram Mid Cap Fund Regular Plan - Income Distribution cum Capital Withdrawal (IDCW);INF903J01181;INF903J01199;16.2445;16.0821;16.2445;28-Oct-2011

Tata Mutual Fund
102328;Tata Mid Cap Growth Fund Regular Plan- Growth Option;INF277K01626;;40.7947;40.3868;40.7947;28-Oct-2011
102326;Tata Mid Cap Growth Fund-Regular Plan - IDCW Option;INF277K01DS0;INF277K01642;16.3177;16.1545;16.3177;28-Oct-2011
102329;Tata Mid Cap Growth Fund Regular Plan  - Bonus (Growth);INF277K01634;;37.0722;36.7015;37.0722;28-Oct-2011

Taurus Mutual Fund
100477;Taurus Mid Cap Fund - Regular Plan - Growth;INF044D01815;;13.48;13.35;13.48;28-Oct-2011
111642;Taurus Mid Cap Fund - Regular Plan - Payout of Income Distribution cum Capital Withdrawal option;INF044D01781;INF044D01799;13.50;13.37;13.50;28-Oct-2011

UTI Mutual Fund
102393;UTI Mid Cap Fund - Regular Plan - IDCW;INF789F01794;INF789F01802;20.81;20.81;20.81;28-Oct-2011
102394;UTI Mid Cap Fund-Growth Option;INF789F01810;;30.52;30.52;30.52;28-Oct-2011

Open Ended Schemes ( Equity Scheme - Small Cap Fund )


Aditya Birla Sun Life Mutual Fund
105804;Aditya Birla Sun Life Small Cap Fund - GROWTH;INF209K01EN2;;11.5478;11.4323;11.5478;28-Oct-2011
105805;Aditya Birla Sun Life Small Cap Fund -Regular - IDCW;INF209K01EO0;INF209K01EP7;11.5478;11.4323;11.5478;28-Oct-2011

DSP Mutual Fund
105989;DSP Small Cap Fund - Regular - Growth;INF740K01797;;14.921;14.772;14.921;28-Oct-2011
113153;DSP Small Cap Fund - Regular - IDCW;INF740K01805;INF740K01AM6;9.060;8.969;9.060;28-Oct-2011

Franklin Templeton Mutual Fund
103361;Franklin India Smaller Companies Fund - IDCW ;INF090I01544;INF090I01551;12.1055;11.9844;12.1055;28-Oct-2011
103360;Franklin India Smaller Companies Fund-Growth;INF090I01569;;13.0741;12.9434;13.0741;28-Oct-2011

HSBC Mutual Fund
103006;HSBC Small Cap Fund - Regular Growth;INF336L01AV2;;17.6469;17.4704;17.6469;28-Oct-2011
103007;HSBC Small Cap Fund - Regular IDCW;INF336L01AU4;INF336L01AT6;9.4356;9.3412;9.4356;28-Oct-2011

ICICI Prudential Mutual Fund
106823;ICICI Prudential Smallcap Fund - Growth;INF109K01BI0;;10.36;10.26;10.36;28-Oct-2011
106822;ICICI Prudential Smallcap Fund - IDCW;INF109K01FA8;INF109K01BJ8;10.36;10.26;10.36;28-Oct-2011
106821;ICICI Prudential Smallcap Fund - Institutional Growth;INF109K01BK6;;10.36;10.26;10.36;28-Oct-2011

Kotak Mahindra Mutual Fund
102875;Kotak-Small Cap Fund - Growth;INF174K01211;;23.662;23.425;23.662;28-Oct-2011
102874;Kotak-Small Cap Fund - Payout of Income Distribution cum capital withdrawal option;INF174K01237;INF174K01229;14.926;14.777;14.926;28-Oct-2011

Nippon India Mutual Fund
113178;Nippon India Small Cap Fund - Growth Plan - Bonus Option;INF204K01HZ0;;9.1049;8.9228;9.1049;28-Oct-2011
113177;Nippon India Small Cap Fund - Growth Plan - Growth Option;INF204K01HY3;;9.1051;8.9230;9.1051;28-Oct-2011
113179;NIPPON INDIA SMALL CAP FUND - IDCW Option;INF204K01IA1;INF204K01IB9;9.1051;8.9230;9.1051;28-Oct-2011

quant Mutual Fund
100177;quant Small Cap Fund - Growth - Regular Plan;INF966L01AA0;;30.4911;30.3386;30.4911;28-Oct-2011
100176;quant Small Cap Fund - IDCW Option - Regular Plan;INF206A01022;INF966L01044;30.0300;29.8799;30.0300;28-Oct-2011

Sundaram Mutual Fund
112064;Sundaram Small Cap Fund Institutional Plan - Growth;INF903J01504;;29.1764;29.1764;29.1764;28-Oct-2011
112207;Sundaram Small Cap Fund Institutional Plan - Income Distribution cum Capital Withdrawal (IDCW);INF903J01488;INF903J01496;10.4868;10.4868;10.4868;28-Oct-2011
100795;Sundaram Small Cap Fund Regular Plan - Growth;INF903J01470;;28.8365;28.5481;28.8365;28-Oct-2011
100794;Sundaram Small Cap Fund Regular Plan - Income Distribution cum Capital Withdrawal (IDCW);INF903J01454;INF903J01462;10.3025;10.1995;10.3025;28-Oct-2011

Open Ended Schemes ( Equity Scheme - Dividend Yield Fund )


Aditya Birla Sun Life Mutual Fund
101738;Aditya Birla Sun Life Dividend Yield Fund - Growth - Regular Plan;INF209K01405;;82.96;82.13;82.96;28-Oct-2011
101737;Aditya Birla Sun Life Dividend Yield Fund -REGULAR - IDCW;INF209K01397;INF209K01CP1;12.93;12.80;12.93;28-Oct-2011

Franklin Templeton Mutual Fund
103679;Templeton India EQUITY INCOME FUND - IDCW ;INF090I01932;INF090I01940;12.7463;12.6188;12.7463;28-Oct-2011
103678;Templeton India Equity Income Fund-Growth Plan;INF090I01957;;19.0056;18.8155;19.0056;28-Oct-2011

Principal Mutual Fund
102808;Principal Dividend Yield Fund- Half Yearly Income Distribution CUM Capital Withdrawal Plan;INF173K01AD9;INF173K01AE7;15.8;15.64;15.8;28-Oct-2011
102807;Principal Dividend Yield Fund-Growth Plan;INF173K01AC1;;21.41;21.2;21.41;28-Oct-2011

Tata Mutual Fund
102858;Tata Dividend Yield Fund  Regular Plan -( Div);INF277K01DD2;INF277K01337;17.8209;17.6427;17.8209;28-Oct-2011
102859;Tata Dividend Yield Fund Regular Plan;INF277K01345;;32.7202;32.3930;32.7202;28-Oct-2011

UTI Mutual Fund
103025;UTI Dividend Yield Fund - Regular Plan - IDCW;INF789F01448;INF789F01455;14.08;14.08;14.08;28-Oct-2011
103026;UTI-Dividend Yield Fund.-Growth;INF789F01463;;31.77;31.77;31.77;28-Oct-2011

Open Ended Schemes ( Equity Scheme - Value Fund )


Aditya Birla Sun Life Mutual Fund
108167;Aditya Birla Sun Life Pure Value Fund - Growth Option;INF209K01LF3;;16.2241;16.0619;16.2241;28-Oct-2011
108166;Aditya Birla Sun Life Pure Value Fund - Regular - IDCW;INF209K01LE6;INF209K01LG1;15.2016;15.0496;15.2016;28-Oct-2011

Bandhan Mutual Fund
108909;BANDHAN Sterling Value Fund - Regular Plan - Growth;INF194K01342;;17.6905;17.6905;17.6905;28-Oct-2011
108908;BANDHAN Sterling Value Fund - Regular Plan - IDCW;INF194K01359;INF194K01367;13.1782;13.1782;13.1782;28-Oct-2011

Franklin Templeton Mutual Fund
100496;Templeton India Value Fund - Growth Plan;INF090I01296;;107.0786;106.0078;107.0786;28-Oct-2011
100497;Templeton India Value Fund - IDCW ;INF090I01270;INF090I01288;46.5647;46.0991;46.5647;28-Oct-2011

HDFC Mutual Fund
101764;HDFC Capital Builder Value Fund - Growth Plan;INF179K01426;;102.354;101.33;102.354;28-Oct-2011
101765;HDFC Capital Builder Value Fund - IDCW Plan;INF179K01400;INF179K01418;22.307;22.084;22.307;28-Oct-2011

ICICI Prudential Mutual Fund
102594;ICICI Prudential Value Discovery Fund - Growth;INF109K01AF8;;44.94;44.49;44.94;28-Oct-2011
102595;ICICI Prudential Value Discovery Fund - IDCW;INF109K01EC7;INF109K01AD3;18.08;17.90;18.08;28-Oct-2011
102596;ICICI Prudential Value Discovery Fund - Institutional Option - I - Growth;INF109K01AE1;;20.17;19.97;20.17;28-Oct-2011

JM Financial Mutual Fund
100254;JM Value Fund (Regular) - Growth Option;INF137A01037;;12.1223;12.1223;12.1223;28-Oct-2011
106168;JM Value Fund (Regular) - IDCW;INF137A01011;INF137A01029;8.4644;8.4644;8.4644;28-Oct-2011

Nippon India Mutual Fund
103086;NIPPON INDIA VALUE FUND - IDCW Option;INF204K01GC1;INF204K01GD9;19.5795;19.3837;19.5795;28-Oct-2011
103085;Nippon India Value Fund- Growth Plan;INF204K01GB3;;27.5928;27.3169;27.5928;28-Oct-2011

Quantum Mutual Fund
103490;Quantum Long Term Equity Value Fund - Direct Plan Growth Option;INF082J01036;;21.2200;20.3700;21.2200;28-Oct-2011
103491;Quantum Long Term Equity Value Fund - Direct Plan IDCW;INF082J01044;INF082J01051;21.4000;20.5400;21.4000;28-Oct-2011

Tata Mutual Fund
112218;Tata Equity P/E Fund - Regular Plan - Payout of IDCW-Option A(5%);INF277K01DI1;INF277K01436;30.7157;30.4085;30.7157;28-Oct-2011
101672;Tata Equity P/E Fund - Regular Plan -Growth Option;INF277K01451;;44.4252;43.9809;44.4252;28-Oct-2011
102428;Tata Equity P/E Fund Regular Plan - Payout of IDCW-Option B(10%);INF277K01DJ9;INF277K01444;32.2308;31.9085;32.2308;28-Oct-2011

UTI Mutual Fund
103098;UTI Value Fund - Regular Plan - Growth Option;INF789F01AG5;;27.47;27.47;27.47;28-Oct-2011
103097;UTI Value Fund - Regular Plan - IDCW;INF789F01AE0;INF789F01AF7;13.86;13.86;13.86;28-Oct-2011

Open Ended Schemes ( Equity Scheme - Contra Fund )


Invesco Mutual Fund
105460;Invesco India Contra Fund - Growth;INF205K01189;;15.41;15.26;15.41;28-Oct-2011
105459;Invesco India Contra Fund - IDCW (Payout / Reinvestment);INF205K01205;INF205K01197;11.92;11.80;11.92;28-Oct-2011

Kotak Mahindra Mutual Fund
103040;Kotak India EQ Contra Fund - Growth;INF174K01245;;19.626;19.43;19.626;28-Oct-2011
103039;Kotak India EQ Contra Fund - Payout of Income Distribution cum capital withdrawal option;INF174K01260;INF174K01252;15.817;15.659;15.817;28-Oct-2011

SBI Mutual Fund
100915;SBI Contra Fund - Regular Plan - Income Distribution cum Capital Withdrawal Option (IDCW);INF200K01347;INF200K01354;16.67;16.5;16.67;28-Oct-2011
102414;SBI CONTRA FUND - REGULAR PLAN -GROWTH;INF200K01362;;50.75;50.24;50.75;28-Oct-2011

Open Ended Schemes ( Equity Scheme - Focused Fund )


Aditya Birla Sun Life Mutual Fund
103309;Aditya Birla Sun Life Focused Fund -Growth Option;INF209K01462;;21.8254;21.7163;21.8254;28-Oct-2011
103308;Aditya Birla Sun Life Focused Fund -Regular - IDCW;INF209K01454;INF209K01CS5;13.4433;13.3761;13.4433;28-Oct-2011

Bandhan Mutual Fund
108592;BANDHAN Focused Equity Fund - Regular Plan - Growth;INF194K01466;;18.7318;18.7318;18.7318;28-Oct-2011
108593;BANDHAN Focused Equity Fund - Regular Plan - IDCW;INF194K01474;INF194K01482;13.5593;13.5593;13.5593;28-Oct-2011

DSP Mutual Fund
112901;DSP Focus Fund - Regular Plan - Growth;INF740K01532;;10.051;9.950;10.051;28-Oct-2011
113032;DSP Focus Fund - Regular Plan - IDCW;INF740K01540;INF740K01AC7;10.051;9.950;10.051;28-Oct-2011

Franklin Templeton Mutual Fund
105817;Franklin India Focused Equity Fund - Growth Plan;INF090I01981;;11.7693;11.6516;11.7693;28-Oct-2011
105816;Franklin India Focused Equity Fund - IDCW ;INF090I01965;INF090I01973;10.8162;10.7080;10.8162;28-Oct-2011

HDFC Mutual Fund
102760;HDFC Focused 30 Fund - GROWTH PLAN;INF179K01574;;36.656;36.289;36.656;28-Oct-2011
102761;HDFC Focused 30 Fund - IDCW PLAN;INF179K01558;INF179K01566;18.971;18.781;18.971;28-Oct-2011

ICICI Prudential Mutual Fund
111957;ICICI Prudential Focused Equity Fund - Growth;INF109K01BZ4;;13.21;13.08;13.21;28-Oct-2011
111958;ICICI Prudential Focused Equity Fund - IDCW;INF109K01FM3;INF109K01CA5;13.21;13.08;13.21;28-Oct-2011

JM Financial Mutual Fund
107410;JM Focused Fund (Regular) - Growth Option;INF192K01577;;3.3852;3.3852;3.3852;28-Oct-2011
107409;JM Focused Fund (Regular) - IDCW;INF192K01551;INF192K01569;3.3852;3.3852;3.3852;28-Oct-2011

Nippon India Mutual Fund
104638;NIPPON INDIA FOCUSED EQUITY FUND - IDCW OPTION;INF204K01GF4;INF204K01GG2;12.7455;12.6180;12.7455;28-Oct-2011
104637;Nippon India Focused Equity Fund -Growth Plan -Growth Option;INF204K01GE7;;14.2025;14.0605;14.2025;28-Oct-2011

Principal Mutual Fund
103335;Principal Focused Multicap Fund-Growth Option;INF173K01189;;26.22;25.96;26.22;28-Oct-2011
103334;Principal Focused Multicap Fund-Half Yearly Income Distribution CUM Capital Withdrawal Option;INF173K01197;INF173K01205;17.96;17.78;17.96;28-Oct-2011

quant Mutual Fund
109275;quant Focused Fund - Growth Option - Regular Plan;INF966L01374;;9.6911;9.5942;9.6911;28-Oct-2011
109274;quant Focused Fund - IDCW Option - Regular Plan;INF966L01358;INF966L01366;9.6911;9.5942;9.6911;28-Oct-2011

SBI Mutual Fund
102765;SBI Focused Equity Fund - Regular Plan - Income Distribution cum Capital Withdrawal Option (IDCW);INF200K01388;INF200K01396;16.66;16.49;16.66;28-Oct-2011
102756;SBI FOCUSED EQUITY FUND - REGULAR PLAN -GROWTH;INF200K01370;;43.99;43.55;43.99;28-Oct-2011

Sundaram Mutual Fund
108305;Sundaram Select Focus Institutional Plan - Growth;INF903J01140;;83.6481;83.6481;83.6481;28-Oct-2011
103953;Sundaram Select Focus Institutional Plan - Income Distribution cum Capital Withdrawal (IDCW);INF903J01157;INF903J01165;8.9417;8.9417;8.9417;28-Oct-2011
101537;Sundaram Select Focus Regular Plan - Growth;INF903J01116;;82.3439;81.5205;82.3439;28-Oct-2011
101536;Sundaram Select Focus Regular Plan - Income Distribution cum Capital Withdrawal (IDCW);INF903J01124;INF903J01132;8.9106;8.8215;8.9106;28-Oct-2011

Open Ended Schemes ( Equity Scheme - Sectoral/ Thematic )


Aditya Birla Sun Life Mutual Fund
111349;Aditya Birla Sun Life Commodity Equities Fund - Global Agri Plan - Growth - Regular Plan;INF209K01207;;15.6329;15.1639;15.6329;28-Oct-2011
111348;Aditya Birla Sun Life Commodity Equities Fund - Global Agri Plan -Regular - IDCW;INF209K01199;INF209K01CG0;15.6329;15.1639;15.6329;28-Oct-2011
103168;Aditya Birla Sun Life Digital India Fund - Growth - Regular Plan;INF209K01140;;18.37;18.19;18.37;28-Oct-2011
103167;Aditya Birla Sun Life Digital India Fund -Regular - IDCW;INF209K01132;INF209K01CD7;12.00;11.88;12.00;28-Oct-2011
103110;Aditya Birla Sun Life India Gennext Fund -Regular - IDCW;INF209K01439;INF209K01CR7;13.88;13.74;13.88;28-Oct-2011
103111;Aditya Birla Sun Life India Gennext Fund-Growth Option;INF209K01447;;24.60;24.35;24.60;28-Oct-2011
103475;Aditya Birla Sun Life Infrastructure Fund -  Regular - IDCW;INF209K01470;INF209K01CT3;10.10;10.00;10.10;28-Oct-2011
103476;Aditya Birla Sun Life Infrastructure Fund-Growth;INF209K01504;;14.66;14.51;14.66;28-Oct-2011
106873;Aditya Birla Sun Life International Equity Fund - Growth - Regular Plan;INF209K01520;;9.8224;9.8224;9.8224;28-Oct-2011
106872;Aditya Birla Sun Life International Equity Fund - Regular - IDCW;INF209K01512;INF209K01CV9;9.8224;9.8224;9.8224;28-Oct-2011
106876;Aditya Birla Sun Life International Equity Fund - Plan B - Growth - Regular Plan;INF209K01546;;9.0004;8.9104;9.0004;28-Oct-2011
106875;Aditya Birla Sun Life International Equity Fund - Plan B - Regular - IDCW;INF209K01538;INF209K01CW7;9.0004;8.9104;9.0004;28-Oct-2011
100064;Aditya Birla Sun Life MNC Fund - Growth - Regular Plan;INF209K01322;;211.46;209.35;211.46;28-Oct-2011
100063;Aditya Birla Sun Life MNC Fund - Regular - IDCW;INF209K01314;INF209K01CL0;79.64;78.84;79.64;28-Oct-2011

Bandhan Mutual Fund
114476;BANDHAN Infrastructure Fund - Regular Plan - Growth;INF194K01BY9;;9.4307;9.4307;9.4307;28-Oct-2011
114477;BANDHAN Infrastructure Fund - Regular Plan - IDCW;INF194K01BZ6;INF194K01CA7;9.4322;9.4322;9.4322;28-Oct-2011

Bank of India Mutual Fund
112359;BANK OF INDIA Manufacturing & Infrastructure Fund-Growth;INF761K01199;;8.69;8.60;8.69;28-Oct-2011
112360;BANK OF INDIA Manufacturing & Infrastructure Fund-Quarterly IDCW;INF761K01231;INF761K01223;8.69;8.60;8.69;28-Oct-2011
112361;BANK OF INDIA Manufacturing & Infrastructure Fund-Regular IDCW;INF761K01215;INF761K01207;8.69;8.60;8.69;28-Oct-2011

Canara Robeco Mutual Fund
112151;Canara Robeco Consumer Trends Fund - Institutional Plan - Dividend Option;INF760K01191;INF760K01209;10.0000;10.0000;10.0000;28-Oct-2011
112150;Canara Robeco Consumer Trends Fund - Institutional Plan - Growth Option;INF760K01217;;12.6200;12.6200;12.6200;28-Oct-2011
112152;CANARA ROBECO CONSUMER TRENDS FUND - REGULAR PLAN - GROWTH OPTION;INF760K01241;;12.5800;12.5800;12.5800;28-Oct-2011
112153;CANARA ROBECO CONSUMER TRENDS FUND - REGULAR PLAN - IDCW (Payout/Reinvestment);INF760K01225;INF760K01233;11.7300;11.7300;11.7300;28-Oct-2011
103390;CANARA ROBECO INFRASTRUCTURE FUND - REGULAR PLAN - GROWTH OPTION;INF760K01274;;21.7600;21.7600;21.7600;28-Oct-2011
103389;CANARA ROBECO INFRASTRUCTURE FUND - REGULAR PLAN - IDCW (Payout/Reinvestment);INF760K01258;INF760K01266;17.3300;17.3300;17.3300;28-Oct-2011

DSP Mutual Fund
102434;DSP India T.I.G.E.R. Fund - Regular Plan - Growth;INF740K01151;;40.546;40.141;40.546;28-Oct-2011
102435;DSP India T.I.G.E.R. Fund - Regular Plan - IDCW;INF740K01136;INF740K01144;15.564;15.408;15.564;28-Oct-2011
108202;DSP Natural Resources And New Energy Fund - Regular - Growth;INF740K01060;;14.540;14.395;14.540;28-Oct-2011
108203;DSP Natural Resources And New Energy Fund - Regular Plan - IDCW;INF740K01045;INF740K01052;12.991;12.861;12.991;28-Oct-2011

Franklin Templeton Mutual Fund
106979;Franklin Asian Equity Fund - Growth Plan;INF090I01AB3;;11.0717;10.9610;11.0717;28-Oct-2011
106978;Franklin Asian Equity Fund - IDCW ;INF090I01999;INF090I01AA5;11.0717;10.9610;11.0717;28-Oct-2011
112093;Franklin Build India Fund - IDCW ;INF090I01AC1;INF090I01AD9;10.5411;10.4357;10.5411;28-Oct-2011
112092;Franklin Build India Fund Growth Plan;INF090I01AE7;;11.0350;10.9247;11.0350;28-Oct-2011
103151;Franklin India Opportunities Fund - Growth;INF090I01841;;29.7256;29.4283;29.7256;28-Oct-2011
100524;Franklin INDIA OPPORTUNITIES FUND - IDCW ;INF090I01858;INF090I01866;12.6991;12.5721;12.6991;28-Oct-2011
100521;Franklin India Technology Fund - IDCW ;INF090I01759;INF090I01767;17.6722;17.4955;17.6722;28-Oct-2011
100522;Franklin India Technology Fund-Growth;INF090I01742;;62.0650;61.4444;62.0650;28-Oct-2011

HDFC Mutual Fund
107524;HDFC Infrastructure Fund - Growth Plan;INF179K01GF8;;10.079;9.978;10.079;28-Oct-2011
107525;HDFC Infrastructure Fund - IDCW Plan;INF179K01GE1;INF179K01GG6;10.079;9.978;10.079;28-Oct-2011

HSBC Mutual Fund
103407;HSBC Infrastructure Fund - Regular Growth;INF336L01255;;10.5396;10.4342;10.5396;28-Oct-2011
103406;HSBC Infrastructure Fund - Regular IDCW;INF336L01248;INF336L01230;8.9649;8.8753;8.9649;28-Oct-2011

ICICI Prudential Mutual Fund
109445;ICICI Prudential Banking and Financial Services Fund -  Growth;INF109K01BU5;;16.43;16.27;16.43;28-Oct-2011
109446;ICICI Prudential Banking and Financial Services Fund -  IDCW;INF109K01DY3;INF109K01BV3;16.08;15.92;16.08;28-Oct-2011
103312;ICICI Prudential Exports & Services Fund - Growth;INF109K01BB5;;16.20;16.04;16.20;28-Oct-2011
103313;ICICI Prudential Exports & Services Fund - IDCW;INF109K01FL5;INF109K01BA7;12.18;12.06;12.18;28-Oct-2011
100352;ICICI Prudential FMCG Fund - Growth;INF109K01415;;78.67;77.88;78.67;28-Oct-2011
100351;ICICI Prudential FMCG Fund - IDCW;INF109K01EO2;INF109K01423;42.52;42.09;42.52;28-Oct-2011
103149;ICICI Prudential Infrastructure Fund - Growth;INF109K01AV5;;26.21;25.95;26.21;28-Oct-2011
103150;ICICI Prudential Infrastructure Fund - IDCW;INF109K01FB6;INF109K01AT9;10.56;10.45;10.56;28-Oct-2011
105602;ICICI Prudential Infrastructure Fund - Institutional Option - I - Growth;INF109K01AU7;;14.31;14.17;14.31;28-Oct-2011
100363;ICICI Prudential Technology Fund - Growth;INF109K01506;;17.02;16.85;17.02;28-Oct-2011
115294;ICICI Prudential Technology Fund - IDCW;INF109K01FO9;INF109K01514;17.02;16.85;17.02;28-Oct-2011

Invesco Mutual Fund
108377;Invesco India Financial Services Fund - Regular Plan -  IDCW (Payout / Reinvestment);INF205K01171;INF205K01163;14.48;14.34;14.48;28-Oct-2011
108378;Invesco India Financial Services Fund - Retail Growth;INF205K01155;;18.48;18.30;18.48;28-Oct-2011
106654;Invesco India Infrastructure Fund - Growth Option;INF205K01CD5;;7.58;7.50;7.58;28-Oct-2011
106653;Invesco India Infrastructure Fund - IDCW (Payout / Reinvestment);INF205K01CE3;INF205K01CF0;7.58;7.50;7.58;28-Oct-2011
112171;Invesco India PSU Equity Fund - Growth;INF205K01338;;10.07;9.97;10.07;28-Oct-2011
112173;Invesco India PSU Equity Fund - IDCW (Payout / Reinvestment);INF205K01353;INF205K01346;9.08;8.99;9.08;28-Oct-2011

L&T Mutual Fund
112600;L&T Infrastructure Fund - Regular Plan - Growth;INF917K01536;;6.15;6.15;6.15;28-Oct-2011
112601;L&T Infrastructure Fund - Regular Plan - IDCW;INF917K01544;INF917K01551;6.15;6.15;6.15;28-Oct-2011

LIC Mutual Fund
107763;LIC MF Infrastructure Fund-Regular Plan-Growth;INF767K01501;;8.1842;8.1024;8.1842;28-Oct-2011
107764;LIC MF Infrastructure Fund-Regular Plan-IDCW;INF767K01485;INF767K01493;8.1840;8.1022;8.1840;28-Oct-2011

Mirae Asset Mutual Fund
114931;Mirae Asset Great Consumer Fund - Regular Plan - Growth option;INF769K01135;;10.5250;10.4200;10.5250;28-Oct-2011
114930;Mirae Asset Great Consumer Fund Regular IDCW;INF769K01150;INF769K01143;10.5250;10.4200;10.5250;28-Oct-2011

Nippon India Mutual Fund
101864;Nippon India Banking & Financial Services Fund - IDCW Option;INF204K01893;INF204K01901;34.1271;33.7858;34.1271;28-Oct-2011
101863;Nippon India Banking & Financial Services Fund-Growth Plan-Bonus Option;INF204K01919;;91.2994;90.3864;91.2994;28-Oct-2011
101862;Nippon India Banking & Financial Services Fund-Growth Plan-Growth Option;INF204K01927;;91.2948;90.3819;91.2948;28-Oct-2011
110252;Reliance Banking & Financial Services Fund - Institutional Plan - Growth Option;INF204K01885;;8.2108;8.1287;8.2108;28-Oct-2011
102753;NIPPON INDIA CONSUMPTION FUND - IDCW Option;INF204K01AN1;INF204K01AO9;16.0993;15.9383;16.0993;28-Oct-2011
102752;Nippon India Consumption Fund-Growth Plan-Bonus Option;INF204K01AP6;;26.0234;25.7632;26.0234;28-Oct-2011
102751;Nippon India Consumption Fund-Growth Plan-Growth Option;INF204K01AQ4;;26.0236;25.7634;26.0236;28-Oct-2011
102433;NIPPON INDIA PHARMA FUND - IDCW Option;INF204K01935;INF204K01943;38.5860;38.2001;38.5860;28-Oct-2011
102432;Nippon India Pharma Fund-Growth Plan-Bonus Option;INF204K01950;;55.4765;54.9217;55.4765;28-Oct-2011
102431;Nippon India Pharma Fund-Growth Plan-Growth Option;INF204K01968;;55.4765;54.9217;55.4765;28-Oct-2011
101264;NIPPON INDIA POWER & INFRA FUND - IDCW Option;INF204K01AB6;INF204K01AC4;33.6287;33.2924;33.6287;28-Oct-2011
101262;Nippon India Power & Infra Fund-Growth Plan -Growth Option;INF204K01AE0;;59.2274;58.6351;59.2274;28-Oct-2011
101263;Nippon India Power & Infra Fund-Growth Plan-Bonus Option;INF204K01AD2;;59.2272;58.6349;59.2272;28-Oct-2011
108252;NIPPON INDIA QUANT FUND - IDCW Option;INF204K01745;INF204K01752;10.5849;10.4791;10.5849;28-Oct-2011
108249;Nippon India Quant Fund -Growth Plan - Growth Option;INF204K01760;;12.9623;12.8327;12.9623;28-Oct-2011
108258;Nippon India Quant Fund -Growth Plan -Bonus Option;INF204K01737;;12.9620;12.8324;12.9620;28-Oct-2011

quant Mutual Fund
106170;quant Infrastructure Fund - Growth Option;INF966L01523;;5.9298;5.8223;5.9298;28-Oct-2011
106169;quant Infrastructure Fund - IDCW Option - Regular Plan;INF966L01507;INF966L01515;5.9331;5.8256;5.9331;28-Oct-2011

SBI Mutual Fund
100645;SBI Consumption Opportunities Fund - Regular Plan - Income Distribution cum Capital Withdrawal Option (IDCW);INF200K01404;INF200K01412;33.42;33.09;33.42;28-Oct-2011
104523;SBI ESG Exclusionary Strategy Fund - Regular Plan - Growth;INF200K01214;;42;41.58;42;28-Oct-2011
101295;SBI ESG Exclusionary Strategy Fund - Regular Plan - Income Distribution cum Capital Withdrawal Option (IDCW);INF200K01198;INF200K01206;28.21;27.93;28.21;28-Oct-2011
100644;SBI Healthcare Opportunities Fund - Regular Plan - Income Distribution cum Capital Withdrawal Option (IDCW);INF200K01453;INF200K01461;37;36.63;37;28-Oct-2011
102823;SBI HEALTHCARE OPPORTUNITIES FUND - REGULAR PLAN -GROWTH;INF200K01446;;44.76;44.31;44.76;28-Oct-2011
106096;SBI INFRASTRUCTURE FUND -  REGULAR PLAN - GROWTH;INF200K01CT2;;8.34;8.26;8.34;28-Oct-2011
106095;SBI Infrastructure Fund - Regular Plan - Income Distribution cum Capital Withdrawal Option (IDCW);INF200K01CU0;INF200K01CV8;8.35;8.27;8.35;28-Oct-2011
103145;SBI Magnum COMMA Fund - REGULAR PLAN - Growth;INF200K01339;;22.86;22.63;22.86;28-Oct-2011
103146;SBI Magnum Comma Fund - Regular Plan - Income Distribution cum Capital Withdrawal Option (IDCW);INF200K01313;INF200K01321;15.44;15.29;15.44;28-Oct-2011
103114;SBI Magnum Global Fund - Regular Plan - Income Distribution cum Capital Withdrawal Option (IDCW);INF200K01255;INF200K01263;26.19;25.93;26.19;28-Oct-2011
103034;SBI MAGNUM GLOBAL FUND - REGULAR PLAN -GROWTH;INF200K01271;;55.7;55.14;55.7;28-Oct-2011
112923;SBI PSU Fund - Regular Plan - Income Distribution cum Capital Withdrawal Option (IDCW);INF200K01BD8;INF200K01BE6;8.77;8.68;8.77;28-Oct-2011
113099;SBI PSU Fund - REGULAR PLAN -Growth;INF200K01BC0;;8.77;8.68;8.77;28-Oct-2011
100643;SBI Technology Opportunities Fund - Regular Plan - Income Distribution cum Capital Withdrawal Option (IDCW);INF200K01420;INF200K01438;22.1;21.88;22.1;28-Oct-2011

Sundaram Mutual Fund
112295;Sundaram PSU Opportunities Dividend Option;INF903J01892;INF903J01900;9.4049;9.3109;9.4049;28-Oct-2011
112294;Sundaram PSU Opportunities Growth Option;INF903J01884;;10.3281;10.2248;10.3281;28-Oct-2011
113373;Sundaram Consumption Fund (Formerly Known as Sundaram Rural and Consumption Fund Institutional Plan - Income Distribution cum Capital Withdrawal (IDCW);INF903J01579;INF903J01587;15.2343;15.2343;15.2343;28-Oct-2011
103743;Sundaram Consumption Fund (Formerly Known as Sundaram Rural and Consumption Fund Regular Plan - Income Distribution cum Capital Withdrawal (IDCW);INF903J01546;INF903J01553;10.7379;10.6305;10.7379;28-Oct-2011
102142;Sundaram Consumption Fund(Formerly Known as Sundaram Rural and Consumption Fund Regular Plan - Growth);INF903J01561;;14.8375;14.6891;14.8375;28-Oct-2011
109061;Sundaram Financial Services Opportunities Fund Institutional Plan - Growth;INF903J01652;;17.6706;17.6706;17.6706;28-Oct-2011
109060;Sundaram Financial Services Opportunities Fund Institutional Plan - Income Distribution cum Capital Withdrawal (IDCW);INF903J01637;INF903J01645;11.2806;11.2806;11.2806;28-Oct-2011
109059;Sundaram Financial Services Opportunities Fund Regular Plan - Growth;INF903J01629;;17.4464;17.2719;17.4464;28-Oct-2011
109058;Sundaram Financial Services Opportunities Fund Regular Plan - Income Distribution cum Capital Withdrawal (IDCW);INF903J01603;INF903J01611;11.1749;11.0632;11.1749;28-Oct-2011

Tata Mutual Fund
101833;Tata Ethical Fund- Regular Plan - Payout of IDCW Option;INF277K01EH1;INF277K01949;40.5459;40.1404;40.5459;28-Oct-2011
100415;Tata Ethical Fund-Regular Plan - Growth Option;INF277K01956;;62.7630;62.1354;62.7630;28-Oct-2011
101852;TATA Infrastructure Fund Regular Plan - Payout of IDCW Option;INF277K01DY8;INF277K01774;18.6096;18.4235;18.6096;28-Oct-2011
101766;Tata Infrastructure Fund-Regular Plan- Growth Option;INF277K01782;;28.2393;27.9569;28.2393;28-Oct-2011

Taurus Mutual Fund
111903;Taurus Ethical Fund -  Regular Plan - Bonus Option;INF044D01823;;22.27;22.05;22.27;28-Oct-2011
111787;Taurus Ethical Fund - Regular Plan - Growth;INF044D01864;;22.28;22.06;22.28;28-Oct-2011
111788;Taurus Ethical Fund - Regular Plan - Payout of Income Distribution cum Capital Withdrawal option;INF044D01831;INF044D01849;15.04;14.89;15.04;28-Oct-2011
105417;Taurus Infrastructure Fund - Regular Plan - Growth;INF044D01906;;11.69;11.57;11.69;28-Oct-2011
105418;Taurus Infrastructure Fund - Regular Plan - Payout of Income Distribution cum Capital Withdrawal option;INF044D01872;INF044D01880;10.97;10.86;10.97;28-Oct-2011

UTI Mutual Fund
102401;UTI Banking and Financial Services Fund - Regular Plan - Growth Option;INF789F01372;;38.29;38.29;38.29;28-Oct-2011
102402;UTI Banking and Financial Services Fund - Regular Plan - IDCW;INF789F01356;INF789F01364;17.65;17.65;17.65;28-Oct-2011
100805;UTI Energy Fund-Growth Option;INF789F01497;;9.85;9.85;9.85;28-Oct-2011
100804;UTI Energy Fund-Income Option;INF789F01471;INF789F01489;11.16;11.16;11.16;28-Oct-2011
100807;UTI Healthcare Fund - Regular Plan - Growth Option;INF789F01695;;40.43;40.43;40.43;28-Oct-2011
100806;UTI Healthcare Fund - Regular Plan - IDCW;INF789F01679;INF789F01687;31.24;31.24;31.24;28-Oct-2011
100809;UTI Services Industries Fund-Growth Option;INF789F01729;;53.85;53.85;53.85;28-Oct-2011
100808;UTI Services Industries Fund-Income Option;INF789F01703;INF789F01711;23.15;23.15;23.15;28-Oct-2011
106425;UTI India Consumer Fund - Regular Plan - Growth Option;INF789F01CE6;;11.85;11.85;11.85;28-Oct-2011
106426;UTI India Consumer Fund - Regular Plan - IDCW;INF789F01CF3;INF789F01CG1;11.85;11.85;11.85;28-Oct-2011
102396;UTI Infrastructure Fund - Regular Plan - IDCW;INF789F01737;INF789F01745;15.95;15.95;15.95;28-Oct-2011
102395;UTI Infrastructure Fund-Growth Option;INF789F01752;;28.05;28.05;28.05;28-Oct-2011
100740;UTI - MNC Fund - Regular Plan - Growth Option;INF789F01844;;61.53;61.53;61.53;28-Oct-2011
100739;UTI MNC Fund - Regular Plan - IDCW;INF789F01828;INF789F01836;39.73;39.73;39.73;28-Oct-2011
102397;UTI Transportation and Logistics Fund - Regular Plan - IDCW;INF789F01273;INF789F01281;13.82;13.82;13.82;28-Oct-2011
102398;UTI-Transpotation and Logistics  Fund-Growth Option;INF789F01299;;27.6;27.6;27.6;28-Oct-2011

Open Ended Schemes ( Equity Scheme - ELSS )


Aditya Birla Sun Life Mutual Fund
107745;Aditya Birla Sun Life ELSS Tax Saver Fund - Growth Option;INF209K01108;;10.13;10.13;10.13;28-Oct-2011
103164;Aditya Birla Sun Life ELSS Tax Saver Fund-Regular - IDCW;INF209K01090;INF209K01CB1;71.44;71.44;71.44;28-Oct-2011
104331;Aditya Birla Sun Life Tax Plan - Regular Plan - Growth Option;INF209K01348;;13.02;13.02;13.02;28-Oct-2011
100067;Aditya Birla Sun Life Tax Plan -Regular - IDCW;INF209K01330;INF209K01CM8;42.90;42.90;42.90;28-Oct-2011

Axis Mutual Fund
112323;Axis ELSS Tax Saver Fund - Regular Plan - Growth;INF846K01131;;12.6088;12.6088;12.6088;28-Oct-2011
112322;Axis ELSS Tax Saver Fund - Regular Plan - IDCW;INF846K01149;INF846K01156;11.5493;11.5493;11.5493;28-Oct-2011

Bandhan Mutual Fund
111569;BANDHAN ELSS Tax Saver Fund - Regular Plan - Growth;INF194K01292;;19.1303;19.1303;19.1303;28-Oct-2011
111570;BANDHAN ELSS Tax Saver Fund - Regular Plan - IDCW;INF194K01300;INF194K01318;11.7984;11.7984;11.7984;28-Oct-2011

Bank of India Mutual Fund
111709;BANK OF INDIA ELSS Tax Saver -ECO Plan-Growth;INF761K01157;;21.45;21.45;21.45;28-Oct-2011
111711;BANK OF INDIA ELSS Tax Saver -ECO Plan-IDCW;INF761K01132;INF761K01140;11.68;11.68;11.68;28-Oct-2011
111710;BANK OF INDIA ELSS Tax Saver -Regular Plan- Growth;INF761K01181;;21.32;21.32;21.32;28-Oct-2011
111708;BANK OF INDIA ELSS Tax Saver -Regular Plan-IDCW;INF761K01165;INF761K01173;11.63;11.63;11.63;28-Oct-2011

Baroda BNP Paribas Mutual Fund
100068;BARODA ELSS 96 - Plan A - IDCW;INF955L01641;;22.35;22.35;22.35;28-Oct-2011

BNP Paribas Mutual Fund
113463;BNP Paribas Long Term Equity Fund - Growth Option;INF251K01985;;14.086;14.086;14.086;28-Oct-2011
113464;BNP Paribas Long Term Equity Fund-Income Distribution cum Capital Withdrawal Option;INF251K01AA9;INF251K01993;11.223;11.223;11.223;28-Oct-2011

Canara Robeco Mutual Fund
111722;CANARA ROBECO ELSS TAX SAVER - REGULAR PLAN - GROWTH OPTION;INF760K01100;;25.1200;25.1200;25.1200;28-Oct-2011
100593;CANARA ROBECO ELSS TAX SAVER - REGULAR PLAN -IDCW (Payout);INF760K01084;INF760K01092;17.7100;17.7100;17.7100;28-Oct-2011

DSP Mutual Fund
104772;DSP ELSS Tax Saver Fund - Regular Plan - Growth;INF740K01185;;15.488;15.488;15.488;28-Oct-2011
104773;DSP ELSS Tax Saver Fund - Regular Plan - IDCW;INF740K01169;INF740K01177;11.051;11.051;11.051;28-Oct-2011

Edelweiss Mutual Fund
111638;Edelweiss ELSS Tax Saver Fund - Regular Plan - Growth Option;INF754K01517;;18.43;18.43;18.43;28-Oct-2011
111639;Edelweiss ELSS Tax Saver Fund - Regular Plan - IDCW Option;INF754K01525;INF754K01541;12.64;12.64;12.64;28-Oct-2011

Franklin Templeton Mutual Fund
100525;Franklin India ELSS Tax Saver Fund - IDCW;INF090I01783;INF090I01791;30.4690;30.4690;30.4690;28-Oct-2011
100526;Franklin India ELSS Tax Saver Fund-Growth;INF090I01775;;210.0131;210.0131;210.0131;28-Oct-2011

HDFC Mutual Fund
101979;HDFC ELSS Tax saver - Growth Plan;INF179K01BB8;;216.212;216.212;216.212;28-Oct-2011
101980;HDFC ELSS Tax saver - IDCW Plan;INF179K01AZ9;INF179K01BA0;54.93;54.93;54.93;28-Oct-2011
100998;HDFC Long Term Advantage Plan - Growth Plan;INF179K01996;;129.856;129.856;129.856;28-Oct-2011
100997;HDFC Long Term Advantage Plan - IDCW Plan;INF179K01970;INF179K01988;33.97;33.97;33.97;28-Oct-2011

HSBC Mutual Fund
104707;HSBC Tax Saver Equity Fund - Growth;INF336L01BA4;;13.4763;13.4763;13.4763;28-Oct-2011
104706;HSBC Tax Saver Equity Fund - IDCW;INF336L01AZ3;;12.4291;12.4291;12.4291;28-Oct-2011

ICICI Prudential Mutual Fund
100354;ICICI Prudential ELSS Tax Saver Fund - Growth;INF109K01464;;134.99;134.99;134.99;28-Oct-2011
100353;ICICI Prudential ELSS Tax Saver Fund - IDCW;INF109K01FN1;INF109K01472;18.14;18.14;18.14;28-Oct-2011

Invesco Mutual Fund
104636;Invesco India ELSS Tax Saver Fund - Growth;INF205K01270;;17.23;17.23;17.23;28-Oct-2011
104635;Invesco India ELSS Tax Saver Fund - IDCW (Payout / Reinvestment);INF205K01296;INF205K01288;11.54;11.54;11.54;28-Oct-2011

JM Financial Mutual Fund
107288;JM ELSS Tax Saver Fund (Regular) - Growth option;INF192K01650;;6.2653;0.0000;6.2653;28-Oct-2011
107287;JM ELSS Tax Saver Fund (Regular) - IDCW;INF192K01643;;6.2653;0.0000;6.2653;28-Oct-2011

Kotak Mahindra Mutual Fund
103339;Kotak Tax Saver-Scheme-Growth;INF174K01369;;17.125;17.125;17.125;28-Oct-2011
103338;Kotak Tax Saver-Scheme-Payout of Income Distribution cum capital withdrawal option;INF174K01385;INF174K01377;10.487;10.487;10.487;28-Oct-2011

LIC Mutual Fund
100865;LIC MF ELSS Tax Saver-Regular Plan-Growth;INF767K01956;;27.4359;27.4359;27.4359;28-Oct-2011
100864;LIC MF ELSS Tax Saver-Regular Plan-IDCW;INF767K01931;INF767K01949;9.8233;9.8233;9.8233;28-Oct-2011
100325;LIC MF ULIS (5 Yrs. Single Premium)-Regular Plan-IDCW Reinvestment;;INF767K01964;9.6742;9.6742;9.6742;28-Oct-2011

Nippon India Mutual Fund
103197;NIPPON INDIA TAX SAVER (ELSS) FUND - IDCW Option;INF204K01GL2;INF204K01GM0;13.9046;13.9046;13.9046;28-Oct-2011
103196;Nippon India Tax Saver (ELSS) Fund-Growth Plan-Growth Option;INF204K01GK4;;19.7665;19.7665;19.7665;28-Oct-2011

Principal Mutual Fund
101815;Principal Personal Tax Saver Fund;INF173K01353;;86.82;86.82;86.82;28-Oct-2011
100156;Principal Tax Savings Fund;INF173K01361;;67.06;67.06;67.06;28-Oct-2011

quant Mutual Fund
100175;quant ELSS Tax Saver Fund - Growth Option - Regular Plan;INF966L01135;;40.5898;40.5898;40.5898;28-Oct-2011
100174;quant ELSS Tax Saver Fund - IDCW Option - Regular Plan;INF966L01119;;8.7273;8.7273;8.7273;28-Oct-2011

Quantum Mutual Fund
111549;Quantum ELSS Tax Saver Fund - Direct Plan Growth Option;INF082J01069;;21.020;21.020;21.020;28-Oct-2011
111550;Quantum ELSS Tax Saver Fund - Direct Plan IDCW;INF082J01077;INF082J01085;21.009;21.009;21.009;28-Oct-2011

SBI Mutual Fund
103883;SBI Long Term Equity Fund - Regular Plan - Income Distribution cum Capital Withdrawal Option (IDCW);INF200K01479;;34.57;34.57;34.57;28-Oct-2011
105628;SBI LONG TERM EQUITY FUND - REGULAR PLAN- GROWTH;INF200K01495;;56.64;56.64;56.64;28-Oct-2011

Sundaram Mutual Fund
101853;Sundaram Diversified Equity (ELSS) Regular Plan - Growth;INF903J01538;;40.7169;40.7169;40.7169;28-Oct-2011
100614;Sundaram Diversified Equity (ELSS) Regular Plan - Income Distribution cum Capital Withdrawal (IDCW);INF903J01512;INF903J01520;9.6024;9.6024;9.6024;28-Oct-2011

Tata Mutual Fund
100474;Tata ELSS Tax Saver Fund- Regular Plan - Payout of IDCW Option;INF277K01I60;;45.5818;45.5818;45.5818;28-Oct-2011

Taurus Mutual Fund
100480;Taurus ELSS Tax Saver Fund - Regular Plan - Growth;INF044D01AC9;;33.41;33.41;33.41;28-Oct-2011
108402;Taurus ELSS Tax Saver Fund - Regular Plan - Payout of Income Distribution cum Capital Withdrawal option;INF044D01997;;15.65;15.65;15.65;28-Oct-2011

UTI Mutual Fund
100821;UTI ELSS Tax Saver Fund - Regular Plan - Growth Option;INF789F01547;;37.9;37.9;37.9;28-Oct-2011
100820;UTI ELSS Tax Saver Fund - Regular Plan - IDCW;INF789F01521;INF789F01539;15.13;15.13;15.13;28-Oct-2011

Open Ended Schemes ( Debt Scheme - Overnight Fund )


HDFC Mutual Fund
101996;HDFC Overnight Fund - Growth Option;INF179KB1HS3;;16.797;16.797;16.797;28-Oct-2011
101997;HDFC Overnight Fund - IDCW Option (Daily);;INF179KB1IF8;10.4266;10.4266;10.4266;28-Oct-2011

SBI Mutual Fund
114297;SBI Overnight Fund - Regular Plan - Daily Income Distribution cum Capital Withdrawal Option (IDCW);;INF200K01LN6;10.0991;10.0991;10.0991;28-Oct-2011
101206;SBI OVERNIGHT FUND - REGULAR PLAN - GROWTH;INF200K01LQ9;;17.7821;17.7821;17.7821;28-Oct-2011
103140;SBI Overnight Fund - Regular Plan - Weekly Income Distribution cum Capital Withdrawal Option (IDCW);INF200K01LO4;INF200K01LP1;10.3265;10.3265;10.3265;28-Oct-2011

UTI Mutual Fund
100812;UTI - G-Sec Fund-GrowthN;INF789F01638;;22.0516;22.0516;22.0516;28-Oct-2011
100811;UTI - G-Sec Fund-Income;INF789F01612;INF789F01620;10.8046;10.8046;10.8046;28-Oct-2011
100814;UTI - Overnight  Fund - Regular Plan - Growth Option;INF789F01604;;14.8471;14.8471;14.8471;28-Oct-2011
100813;UTI Overnight Fund - Regular Plan - Periodic IDCW;INF789F01588;INF789F01596;11.4974;11.4974;11.4974;28-Oct-2011

Open Ended Schemes ( Debt Scheme - Liquid Fund )


Aditya Birla Sun Life Mutual Fund
100047;Aditya Birla Sun Life Liquid Fund - Growth;INF209K01RU9;;165.0609;165.0609;165.0609;28-Oct-2011
100046;Aditya Birla Sun Life Liquid Fund -Daily IDCW;INF209K01KQ2;INF209K01SQ5;100.1950;100.1950;100.1950;28-Oct-2011
100041;Aditya Birla Sun Life Liquid Fund -Institutional - IDCW;;INF209K01KN9;108.0230;108.0230;108.0230;28-Oct-2011
100048;Aditya Birla Sun Life Liquid Fund -Institutional - weekly  IDCW;INF209KA1LK7;INF209K01KY6;108.0680;108.0680;108.0680;28-Oct-2011
100044;Aditya Birla Sun Life Liquid Fund -Retail - IDCW;;INF209K01KP4;163.6940;163.6940;163.6940;28-Oct-2011
100051;Aditya Birla Sun Life Liquid Fund -weekly IDCW;INF209K01KU4;INF209KA1LJ9;100.2250;100.2250;100.2250;28-Oct-2011
112014;Aditya Birla Sun Life Liquid Fund- Discipline Advantage Plan;INF209K01KZ3;;113.5364;113.5364;113.5364;28-Oct-2011
100043;Aditya Birla Sun Life Liquid Fund-Institutional (Growth);INF209K01RT1;;276.8699;276.8699;276.8699;28-Oct-2011
100042;Aditya Birla Sun Life Liquid Fund-Retail (Growth);INF209K01ME4;;271.6094;271.6094;271.6094;28-Oct-2011

Axis Mutual Fund
112211;Axis Liquid Fund - Regular Plan - Daily IDCW;;INF846K01420;1000.1031;1000.1031;1000.1031;28-Oct-2011
112210;Axis Liquid Fund - Regular Plan - Growth Option;INF846K01412;;1142.3947;1142.3947;1142.3947;28-Oct-2011
112213;Axis Liquid Fund - Regular Plan - Monthly IDCW;INF846K01453;INF846K01461;1000.8073;1000.8073;1000.8073;28-Oct-2011
112212;Axis Liquid Fund - Regular Plan - Weekly IDCW;INF846K01438;INF846K01446;1003.0800;1003.0800;1003.0800;28-Oct-2011
112712;Axis Liquid Fund - Retail Plan - Daily IDCW;;INF846K01362;1000.0746;1000.0746;1000.0746;28-Oct-2011
112713;Axis Liquid Fund - Retail Plan - Growth Option;INF846K01354;;1120.0595;1120.0595;1120.0595;28-Oct-2011
112714;Axis Liquid Fund - Retail Plan - Monthly IDCW;INF846K01396;INF846K01404;1000.7705;1000.7705;1000.7705;28-Oct-2011
112715;Axis Liquid Fund - Retail Plan - Weekly IDCW;INF846K01370;INF846K01388;1001.0132;1001.0132;1001.0132;28-Oct-2011

Bandhan Mutual Fund
108692;BANDHAN LIQUID Fund - Regular Plan - Daily IDCW;INF194K01VZ4;INF194K01VY7;10.0025;10.0025;10.0025;28-Oct-2011
108690;BANDHAN LIQUID Fund - Regular Plan - Growth;INF194K01VX9;;12.5423;12.5423;12.5423;28-Oct-2011
108693;BANDHAN LIQUID Fund - Regular Plan - Monthly IDCW;INF194K01WF4;INF194K01WE7;10.0001;10.0001;10.0001;28-Oct-2011
115489;BANDHAN LIQUID Fund - Regular Plan - Periodic IDCW;INF194K01WC1;INF194K01WB3;10.0540;10.0540;10.0540;28-Oct-2011
108691;BANDHAN LIQUID Fund - Regular Plan - Weekly IDCW;INF194K01WI8;INF194K01WH0;10.0001;10.0001;10.0001;28-Oct-2011
108779;BANDHAN Liquid Fund-Plan A-Dividend (Daily);INF194K01VC3;INF194K01VB5;10.5819;10.5819;10.5819;28-Oct-2011
108778;BANDHAN Liquid Fund-Plan A-Growth;INF194K01UX1;;18.2626;18.2626;18.2626;28-Oct-2011
115486;BANDHAN Liquid Fund-Plan A-Monthly;INF194K01VF6;INF194K01VE9;10.0001;10.0001;10.0001;28-Oct-2011
115487;BANDHAN Liquid Fund-Plan A-Periodic Dividend;INF194K01UZ6;INF194K01UY9;10.1547;10.1547;10.1547;28-Oct-2011
108607;BANDHAN Liquid Fund - Plan A-Dividend (Weekly);INF194K01VI0;INF194K01VH2;10.0101;10.0101;10.0101;28-Oct-2011
108781;BANDHAN Liquid Fund - Plan B (G) (Institutional Plan);INF194K01VK6;;18.4275;18.4275;18.4275;28-Oct-2011
108681;BANDHAN Liquid Fund - Plan B-Daily-Dividend(Institutional Plan);INF194K01VM2;INF194K01VL4;10.5873;10.5873;10.5873;28-Oct-2011

Bank of India Mutual Fund
109257;BANK OF INDIA Liquid Fund- Institutional Plan- Daily Dividend;;;1000.0000;1000.0000;1000.0000;28-Oct-2011
109256;BANK OF INDIA Liquid Fund- Institutional Plan-Growth;INF761K01314;;1218.7740;1218.7740;1218.7740;28-Oct-2011
111971;BANK OF INDIA Liquid Fund- Regular Plan- Daily IDCW;;INF761K01CO4;1000.0000;1000.0000;1000.0000;28-Oct-2011
109254;BANK OF INDIA Liquid Fund- Regular Plan- Growth;INF761K01306;;1203.1114;1203.1114;1203.1114;28-Oct-2011
109255;BANK OF INDIA Liquid Fund- Regular Plan- Weekly IDCW;;INF761K01CP1;1000.8480;1000.8480;1000.8480;28-Oct-2011

Baroda BNP Paribas Mutual Fund
111707;Baroda BNP Paribas LIQUID FUND - Regular Plan - DAILY IDCW OPTION;INF955L01468;INF955L01476;1000.6300;1000.6300;1000.6300;28-Oct-2011
111704;Baroda BNP Paribas LIQUID FUND - Regular Plan - GROWTH OPTION;INF955L01484;;1180.8696;1180.8696;1180.8696;28-Oct-2011
101408;Baroda BNP Paribas LIQUID FUND- Defunct Plan -Growth Option;INF955L01575;;1789.7999;1789.7999;1789.7999;28-Oct-2011
101407;Baroda BNP Paribas LIQUID FUND-Defunct Plan- IDCW Option;INF955L01559;INF955L01567;1533.4155;1533.4155;1533.4155;28-Oct-2011
101409;Baroda BNP Paribas LIQUID FUND-Defunct Plan-Daily IDCW Option;INF955L01518;INF955L01526;1006.0600;1006.0600;1006.0600;28-Oct-2011

BNP Paribas Mutual Fund
113641;BNP PARIBAS LIQUID Fund-Institutional Plan-Daily Dividend Option;;;10.0030;10.0030;10.0030;28-Oct-2011
113634;BNP PARIBAS LIQUID Fund-Institutional Plan-Growth Option;;;15.8514;15.8514;15.8514;28-Oct-2011
113638;BNP PARIBAS LIQUID Fund-Institutional Plan-Monthly Dividend Payout Option;;;10.0735;10.0735;10.0735;28-Oct-2011
113642;BNP PARIBAS LIQUID Fund-Institutional Plan-Weekly Dividend Option;;;10.0037;10.0037;10.0037;28-Oct-2011
113640;BNP PARIBAS LIQUID Fund-Regular Plan-Growth Option;INF251K01CI8;;15.4079;15.4079;15.4079;28-Oct-2011
113632;BNP PARIBAS LIQUID Fund-Regular Plan-Monthly Dividend;INF251K01CK4;INF251K01CL2;10.0672;10.0672;10.0672;28-Oct-2011
113637;BNP PARIBAS LIQUID Fund-Regular Plan-Weekly Dividend Option;;INF251K01CJ6;10.0036;10.0036;10.0036;28-Oct-2011

Canara Robeco Mutual Fund
109349;CANARA ROBECO LIQUID FUND - REGULAR PLAN - DAILY IDCW (Reinvestment);;INF760K01CU3;1005.5000;1005.5000;1005.5000;28-Oct-2011
109353;CANARA ROBECO LIQUID FUND - REGULAR PLAN - GROWTH OPTION;INF760K01CW9;;1253.5112;1253.5112;1253.5112;28-Oct-2011
109350;CANARA ROBECO LIQUID FUND - REGULAR PLAN - WEEKLY IDCW (Payout/Reinvestment);INF760K01BZ4;INF760K01CZ2;1000.0000;1000.0000;1000.0000;28-Oct-2011
101363;Canara Robeco Liquid Fund- INSTITUTIONAL-Daily Dividend Reinvestment;;INF760K01CC1;1005.5000;1005.5000;1005.5000;28-Oct-2011
101362;Canara Robeco Liquid Fund- INSTITUTIONAL-Growth;INF760K01CD9;;1865.6410;1865.6410;1865.6410;28-Oct-2011
101361;Canara Robeco Liquid Fund- INSTITUTIONAL-Weekly dividend;;INF760K01CE7;1000.7344;1000.7344;1000.7344;28-Oct-2011
109357;Canara Robeco Liquid Fund-Institutional-Fortnightly Div Reinvest;;INF760K01860;1000.0000;1000.0000;1000.0000;28-Oct-2011
109355;Canara Robeco Liquid Fund-Regular Plan-Fortnightly Div Reinvest.;;INF760K01951;1000.0000;1000.0000;1000.0000;28-Oct-2011
101364;Canara Robeco Liquid Fund-Retail-DRI;;INF760K01CF4;1007.0000;1007.0000;1007.0000;28-Oct-2011
109346;Canara Robeco Liquid Fund-Retail-Fortnightly Div Reinvest;;INF760K01CG2;1005.9421;1005.9421;1005.9421;28-Oct-2011
101365;Canara Robeco Liquid Fund-Retail-Growth;INF760K01CH0;;1853.0224;1853.0224;1853.0224;28-Oct-2011
109347;Canara Robeco Liquid Fund-Retail-Monthly Div Reinvest;;INF760K01CI8;1005.9418;1005.9418;1005.9418;28-Oct-2011
109356;Canara Robeco Liquid Fund-Retail-Weekly Div Reinvest;;INF760K01CJ6;1005.9418;1005.9418;1005.9418;28-Oct-2011

DSP Mutual Fund
103347;DSP Liquidity Fund - Regular Plan - Growth;INF740K01FK9;;1475.6276;1475.6276;1475.6276;28-Oct-2011
103348;DSP Liquidity Fund - Regular Plan - IDCW - Weekly;INF740K01FM5;INF740K01FL7;1000.4441;1000.4441;1000.4441;28-Oct-2011
103349;DSP Liquidity Fund- Regular Plan - IDCW - Daily;;INF740KA1OE0;1000.3161;1000.3161;1000.3161;28-Oct-2011
100943;DSP BlackRock Liquidity Fund - Regular Plan - Daily Dividend;;;10.0100;10.0100;10.0100;28-Oct-2011
100940;DSP BlackRock Liquidity Fund - Regular Plan - Growth;INF740K01CN0;;24.4301;24.4301;24.4301;28-Oct-2011
100941;DSP BlackRock Liquidity Fund - Regular Plan Weekly Dividend;;;12.4134;12.4134;12.4134;28-Oct-2011

Franklin Templeton Mutual Fund
100541;Franklin India Liquid Fund - Regular Plan - Daily - IDCW;;INF090I01BA3;1512.3400;1512.3400;1512.3400;28-Oct-2011
100538;Franklin India Liquid Fund - Regular Plan - Growth;INF090I01BB1;;2520.2833;2520.2833;2520.2833;28-Oct-2011
100537;Franklin India Liquid Fund - Regular Plan - Weekly - IDCW;INF090I01BL0;INF090I01BI6;1245.7594;1245.7594;1245.7594;28-Oct-2011
100547;Franklin India Liquid Fund - Super Institutional Plan - Daily - IDCW;;INF090I01BF2;1000.6730;1000.6730;1000.6730;28-Oct-2011
100546;Franklin India Liquid Fund - Super Institutional Plan - Growth;INF090I01BG0;;1533.3300;1533.3300;1533.3300;28-Oct-2011
100548;Franklin India Liquid Fund - Super Institutional Plan - Weekly - IDCW;INF090I01BM8;INF090I01BH8;1022.3933;1022.3933;1022.3933;28-Oct-2011
102441;Franklin India Liquid Fund - Institution-Growth;INF090I01BD7;;1604.0708;1604.0708;1604.0708;28-Oct-2011
102443;Franklin India Liquid Fund - Institutional Plan - Daily - IDCW;;INF090I01BC9;1000.6730;1000.6730;1000.6730;28-Oct-2011
102442;Franklin India Liquid Fund - Institutional Plan - Weekly - IDCW;INF090I01BJ4;INF090I01BE5;1055.9716;1055.9716;1055.9716;28-Oct-2011

Groww Mutual Fund
115991;Groww Liquid Fund (formerly known as Indiabulls Liquid Fund) - Regular Plan - Growth Option;INF666M01014;;1000.9977;1000.9977;1000.9977;28-Oct-2011
115992;Groww Liquid Fund (formerly known as Indiabulls Liquid Fund)- Regular Plan- - Income Distribution cum capital withdrawal Option (Reinvestment);;INF666M01022;1000.0000;1000.0000;1000.0000;28-Oct-2011
115995;Groww Liquid Fund (formerly known as Indiabulls Liquid Fund)- Regular Plan- Monthly - Income Distribution cum capital withdrawal Option (Payout & Reinvestment);INF666M01071;INF666M01055;1000.9977;1000.9977;1000.9977;28-Oct-2011
115993;Groww Liquid Fund (formerly known as Indiabulls Liquid Fund)- Regular Plan- Weekly - Income Distribution cum capital withdrawal Option (Payout & Reinvestment);INF666M01089;INF666M01030;1000.0000;1000.0000;1000.0000;28-Oct-2011
115994;Groww Liquid Fund (formerly known as Indiabulls Liquid) Fund- Regular Plan- Fortnightly - Income Distribution cum capital withdrawal Option (Payout & Reinvestment);INF666M01063;INF666M01048;1000.0000;1000.0000;1000.0000;28-Oct-2011

HDFC Mutual Fund
100868;HDFC Liquid Fund - Growth Plan;INF179KB1HK0;;20.3604;20.3604;20.3604;28-Oct-2011
100875;HDFC Liquid Fund - IDCW Daily;;INF179KB1IC5;10.1982;10.1982;10.1982;28-Oct-2011
100876;HDFC Liquid Fund - IDCW Monthly;INF179KB1HM6;INF179KB1HL8;10.3425;10.3425;10.3425;28-Oct-2011
100874;HDFC Liquid Fund - IDCW Plan Weekly;INF179KB1ID3;;10.3201;10.3201;10.3201;28-Oct-2011
100877;HDFC Liquid Fund-Premium Plan - Dividend-Daily;;INF179K01KN4;12.2598;12.2598;12.2598;28-Oct-2011
100878;HDFC Liquid Fund-Premium Plan - Dividend-Weekly;INF179K01KP9;;10.3745;10.3745;10.3745;28-Oct-2011
100881;HDFC Liquid Fund-Premium Plus Plan - Dividend-Weekly;INF179K01KS3;;10.0397;10.0397;10.0397;28-Oct-2011
100872;HDFC Liquid Fund-PREMIUM PLUS- Growth;INF179K01KQ7;;20.7009;20.7009;20.7009;28-Oct-2011
100873;HDFC Liquid Fund-PREMIUM- Growth;INF179KB1HN4;;20.6592;20.6592;20.6592;28-Oct-2011

HSBC Mutual Fund
101700;HSBC Cash Fund - Dividend - Daily;;INF336L01321;10.0056;10.0056;10.0056;28-Oct-2011
101702;HSBC Cash Fund - Dividend - Monthly;INF336L01305;INF336L01297;10.1428;10.1428;10.1428;28-Oct-2011
101701;HSBC Cash Fund - Dividend - Weekly;;INF336L01347;10.4512;10.4512;10.4512;28-Oct-2011
101692;HSBC Cash Fund - Inst. - Dividend - Daily;;INF336L01354;10.4401;10.4401;10.4401;28-Oct-2011
101694;HSBC Cash Fund - Inst. - Dividend - Monthly;INF336L01370;INF336L01362;10.5888;10.5888;10.5888;28-Oct-2011
101693;HSBC Cash Fund - Inst. - Dividend - Weekly;;INF336L01388;10.8799;10.8799;10.8799;28-Oct-2011
101691;HSBC Cash Fund - Inst. - Growth;INF336L01289;;16.5868;16.5868;16.5868;28-Oct-2011
101697;HSBC Cash Fund - Regular - Dividend - Daily;;INF336L01263;10.1930;10.1930;10.1930;28-Oct-2011
101698;HSBC Cash Fund - Regular - Dividend - Weekly;;INF336L01313;10.0326;10.0326;10.0326;28-Oct-2011
101696;HSBC Liquid Fund - Growth closed plan;INF336L01271;;16.3809;16.3809;16.3809;28-Oct-2011
101699;HSBC Liquid Fund Closed;INF336L01339;;10.3544;10.3544;10.3544;28-Oct-2011

ICICI Prudential Mutual Fund
100357;ICICI Prudential Liquid Fund -Quarterly IDCW;INF109K01UU5;INF109K01UT7;100.9044;100.9044;100.9044;28-Oct-2011
100359;ICICI Prudential Liquid Institutional Plus Fund - Div - Daily;INF109K01VJ6;;118.5150;118.5150;118.5150;28-Oct-2011
100360;ICICI Prudential Liquid Institutional Plus Fund - Div - Weekly;INF109K01VM0;;118.6932;118.6932;118.6932;28-Oct-2011
100362;ICICI Prudential Liquid Institutional Plus Fund - Growth;INF109K01VK4;;254.0532;254.0532;254.0532;28-Oct-2011
103343;ICICI Prudential Liquid Fund - Daily IDCW;INF109K01VP3;;100.0226;100.0226;100.0226;28-Oct-2011
103340;ICICI Prudential Liquid Fund - Growth;INF109K01VQ1;;152.4483;152.4483;152.4483;28-Oct-2011
104308;ICICI Prudential Liquid Fund - Half Yearly IDCW;INF109K01UX9;INF109K01UW1;100.7864;100.7864;100.7864;28-Oct-2011
103344;ICICI Prudential Liquid Fund - Institutional Option - I;INF109K01VH0;;148.7260;148.7260;148.7260;28-Oct-2011
103342;ICICI Prudential Liquid Fund - Weekly IDCW;INF109K01VS7;;100.2557;100.2557;100.2557;28-Oct-2011
103341;ICICI Prudential Liquid Fund -Monthly IDCW;INF109K01VR9;;100.1957;100.1957;100.1957;28-Oct-2011
101748;ICICI Prudential Liquid Fund - Institutional - Daily - Div;INF109K01VE7;;118.5020;118.5020;118.5020;28-Oct-2011
101753;ICICI Prudential Liquid Fund - Institutional - Weekly - Div;INF109K01VI8;;118.5604;118.5604;118.5604;28-Oct-2011
101754;ICICI Prudential Liquid Fund Retail Daily Dividend;INF109K01UR1;;118.5140;118.5140;118.5140;28-Oct-2011
101750;ICICI Prudential Liquid Fund Retail Growth;INF109K01UQ3;;246.5035;246.5035;246.5035;28-Oct-2011
101755;ICICI Prudential Liquid Fund Retail Monthly Dividend;INF109K01US9;;100.2877;100.2877;100.2877;28-Oct-2011
101752;ICICI Prudential Liquid Fund Retail Weekly Dividend;INF109K01UV3;;118.9299;118.9299;118.9299;28-Oct-2011
101751;ICICI Prudential Liquid Institutional Fund - Growth;INF109K01VF4;;251.8814;251.8814;251.8814;28-Oct-2011

IDBI Mutual Fund
113104;IDBI Liquid Fund- Monthly IDCW;INF397L01976;INF397L01968;1000.7410;1000.7410;1000.7410;28-Oct-2011
113102;IDBI Liquid Fund-Daily IDCW;;INF397L01935;1000.0000;1000.0000;1000.0000;28-Oct-2011
113096;IDBI Liquid Fund-Growth;INF397L01984;;1106.0999;1106.0999;1106.0999;28-Oct-2011
113103;IDBI Liquid Fund-Weekly IDCW;INF397L01950;INF397L01943;1001.4573;1001.4573;1001.4573;28-Oct-2011

Invesco Mutual Fund
104484;Invesco India Liquid Fund - Daily IDCW (Reinvestment);;INF205K01HN3;1000.7849;1000.7849;1000.7849;28-Oct-2011
104486;Invesco India Liquid Fund - Growth;INF205K01HM5;;1416.4022;1416.4022;1416.4022;28-Oct-2011
104488;Invesco India Liquid Fund - Regular - Growth;INF205K01HG7;;1386.2521;1386.2521;1386.2521;28-Oct-2011
104489;Invesco India Liquid Fund - Regular - Weekly IDCW (Reinvestment);;INF205K01HH5;1001.2429;1001.2429;1001.2429;28-Oct-2011
104483;Religare Invesco Liquid Fund - Institutional - Daily Dividend;;INF205K01HJ1;1000.2250;1000.2250;1000.2250;28-Oct-2011
104491;Religare Invesco Liquid Fund - Institutional - Growth;INF205K01HI3;;1406.2429;1406.2429;1406.2429;28-Oct-2011

JM Financial Mutual Fund
100241;JM High Liquidity Fund-- Institutional Plan - Dividend;INF192K01924;INF192K01932;10.6396;10.6396;10.6396;28-Oct-2011
100237;JM High Liquidity Fund-- Institutional Plan - Growth;INF192K01940;;16.9778;16.9778;16.9778;28-Oct-2011
100238;JM High Liquidity Fund-Institutional Plan - Daily Dividend;;INF192K01916;10.0159;10.0159;10.0159;28-Oct-2011
100245;JM High Liquidity Fund-Super Institutional Plan- Daily Dividend;;INF192K01957;10.0165;10.0165;10.0165;28-Oct-2011
100246;JM High Liquidity Fund-Super Institutional Plan- Weekly  Dividend;INF192K01965;INF192K01973;10.0394;10.0394;10.0394;28-Oct-2011
100244;JM Liquid Fund (Regular) - Quarterly IDCW;INF192K01866;INF192K01874;15.9219;15.9219;15.9219;28-Oct-2011
100247;JM Liquid Fund (Regular) - Super Institutional Plan - Growth Option;INF192K01981;;16.1473;16.1473;16.1473;28-Oct-2011
100233;JM Liquid Fund (Regular) - Weekly IDCW;INF192K01841;INF192K01858;10.8864;10.8864;10.8864;28-Oct-2011
100234;JM Liquid Fund - Growth Option;INF192K01882;;28.1302;28.1302;28.1302;28-Oct-2011
101549;JM Liquid Fund (Regular) - Bonus Option - Principal Units;INF192K01890;;14.7723;14.7723;14.7723;28-Oct-2011
101078;JM Liquid Fund (Regular) - Daily IDCW;;INF192K01833;10.4302;10.4302;10.4302;28-Oct-2011

Kotak Mahindra Mutual Fund
100831;Kotak Liquid Fund -Institutional Plan - (Daily Dividend);;INF174K01GA0;12.2281;12.2281;12.2281;28-Oct-2011
100833;Kotak Liquid Fund Regular Plan Daily Reinvestment of Income Distribution cum capital withdrawal option;INF174K01NL3;;12.2281;12.2281;12.2281;28-Oct-2011
100835;Kotak Liquid Fund Regular Plan Growth;INF174K01NI9;;20.9112;20.9112;20.9112;28-Oct-2011
100834;Kotak Liquid Fund Regular Plan Weekly Reinvestment of Income Distribution cum capital withdrawal option Dividend;INF174K01NK5;;10.0722;10.0722;10.0722;28-Oct-2011
100830;Kotak Liquid-Institutional Plan  (Growth);INF174K01FZ9;;20.2342;20.2342;20.2342;28-Oct-2011
100832;Kotak Liquid-Institutional Plan (Weekly Dividend);;INF174K01GB8;10.0998;10.0998;10.0998;28-Oct-2011
100828;Kotak Liquid-Regular (Dividend);;INF174K01FY2;10.0311;10.0311;10.0311;28-Oct-2011
100829;Kotak Liquid-Regular (Growth);INF174K01NM1;;19.7605;19.7605;19.7605;28-Oct-2011

L&T Mutual Fund
112445;L&T Liquid Fund -Regular Plan - Daily IDCW;INF917K01JB4;;10.1163;10.1163;10.1163;28-Oct-2011
112457;L&T Liquid Fund -Regular Plan - Growth;INF917K01JH1;;14.1427;14.1427;14.1427;28-Oct-2011
112456;L&T Liquid Fund-Cum -Institutional Plus;INF917K01BJ4;;20.7362;20.7362;20.7362;28-Oct-2011
112442;L&T Liquid Fund-Regular Cumulative;INF917K01BF2;;20.4082;20.4082;20.4082;28-Oct-2011
112483;L&T Liquid Fund - Institutional Plus Weekly Dividend;INF917K01BH8;INF917K01BI6;13.6501;13.6501;13.6501;28-Oct-2011

LIC Mutual Fund
101184;LIC MF Liquid Fund-Regular Plan-Daily IDCW;INF767K01IQ3;INF767K01IR1;10.9801;10.9801;10.9801;28-Oct-2011
101185;LIC MF Liquid Fund-Regular Plan-Growth;INF767K01IS9;;18.7891;18.7891;18.7891;28-Oct-2011

Mirae Asset Mutual Fund
111647;Mirae Asset Liquid Fund - Regular - Daily IDCW;;INF769K01804;1035.7261;1035.7261;1035.7261;28-Oct-2011
111646;Mirae Asset Liquid Fund - Regular Plan - Growth;INF769K01788;;1125.4803;1125.4803;1125.4803;28-Oct-2011
111645;Mirae Asset Liquid Fund - Regular Plan - Monthly IDCW;INF769K01838;INF769K01820;1119.7006;1119.7006;1119.7006;28-Oct-2011
111644;Mirae Asset Liquid Fund - Regular Plan - Weekly IDCW;;INF769K01812;1121.2910;1121.2910;1121.2910;28-Oct-2011

Navi Mutual Fund
112645;Navi Liquid Fund - Regular Plan Daily IDCW;;INF959L01GM7;10.0015;10.0015;10.0015;28-Oct-2011
112647;Navi Liquid Fund - Regular Plan Monthly IDCW;INF959L01GN5;INF959L01GO3;10.0729;10.0729;10.0729;28-Oct-2011
112646;Navi Liquid Fund - Regular Plan Weekly IDCW;INF959L01GP0;INF959L01GQ8;10.0114;10.0114;10.0114;28-Oct-2011
112637;Navi Liquid Fund-Institutional Plan-Dividend Option-Daily;;INF959L01197;10.0015;10.0015;10.0015;28-Oct-2011
112640;Navi Liquid Fund-Institutional Plan-Growth;INF959L01247;;11.2005;11.2005;11.2005;28-Oct-2011
112636;Navi Liquid Fund-Regular Plan-Growth Option;INF959L01GL9;;11.2537;11.2537;11.2537;28-Oct-2011
112641;Navi Liquid Fund-Retail Plan-Dividend Option-Daily;;INF959L01254;10.0015;10.0015;10.0015;28-Oct-2011
112643;Navi Liquid Fund-Retail Plan-Dividend Option-Monthly;INF959L01262;INF959L01270;10.0601;10.0601;10.0601;28-Oct-2011
112642;Navi Liquid Fund-Retail Plan-Dividend Option-Weekly;INF959L01288;INF959L01296;10.0087;10.0087;10.0087;28-Oct-2011
112644;Navi Liquid Fund-Retail Plan-Growth;INF959L01304;;11.1386;11.1386;11.1386;28-Oct-2011

Nippon India Mutual Fund
100852;NIPPON INDIA LIQUID FUND - DAILY IDCW OPTION;;INF204K01UM1;15.2874;15.2874;15.2874;28-Oct-2011
100855;NIPPON INDIA LIQUID FUND - MONTHLY IDCW OPTION;INF204K01UO7;INF204K01UP4;21.7593;21.7593;21.7593;28-Oct-2011
100837;Nippon India Liquid Fund - Retail Option - Growth Plan;INF204K01UL3;;24.5795;24.5795;24.5795;28-Oct-2011
100842;NIPPON INDIA LIQUID FUND - RETAIL Plan - DAILY IDCW OPTION;;INF204K01UJ7;15.2428;15.2428;15.2428;28-Oct-2011
100843;NIPPON INDIA LIQUID FUND - RETAIL plan - MONTHLY IDCW OPTION;INF204K01UT6;INF204K01UU4;13.3181;13.3181;13.3181;28-Oct-2011
100844;NIPPON INDIA LIQUID FUND - RETAIL Plan - QUARTERLY IDCW OPTION;INF204K01UV2;INF204K01UW0;12.2654;12.2654;12.2654;28-Oct-2011
100838;NIPPON INDIA LIQUID FUND - RETAIL Plan - WEEKLY IDCW OPTION;;INF204K01UK5;10.3417;10.3417;10.3417;28-Oct-2011
100853;NIPPON INDIA LIQUID FUND - WEEKLY IDCW OPTION;;INF204K01US8;15.3030;15.3030;15.3030;28-Oct-2011
100851;Nippon India Liquid Fund -Growth Plan;INF204K01UN9;;25.0971;25.0971;25.0971;28-Oct-2011
100849;Reliance Liquid Fund-Cash Plan-Daily Dividend Reinvestment Option;;;11.1415;11.1415;11.1415;28-Oct-2011
100845;Reliance Liquid Fund-Cash Plan-Growth Plan;;;16.7103;16.7103;16.7103;28-Oct-2011
114251;Reliance Liquid Fund-Cash Plan-Monthly Dividend Plan;;;10.0351;10.0351;10.0351;28-Oct-2011
114252;Reliance Liquid Fund-Cash Plan-Quarterly Dividend Plan;;;10.1257;10.1257;10.1257;28-Oct-2011
100848;Reliance Liquid Fund-Cash Plan-Weekly Dividend Reinvestment Option;;;10.9169;10.9169;10.9169;28-Oct-2011

Principal Mutual Fund
100895;Principal Cash Management Fund - Daily Income Distribution CUM Capital Withdrawal;;INF173K01DB7;10.0007;10.0007;10.0007;28-Oct-2011
100897;Principal Cash Management Fund - Monthly Income Distribution CUM Capital Withdrawal Option;INF173K01BV9;INF173K01BW7;10.1824;10.1824;10.1824;28-Oct-2011
100896;Principal Cash Management Fund - Weekly Income Distribution CUM Capital Withdrawal Option;;INF173K01DC5;10.06;10.06;10.06;28-Oct-2011
100898;Principal Cash Management Fund -Growth Option;INF173K01DA9;;16.0338;16.0338;16.0338;28-Oct-2011

quant Mutual Fund
103225;quant Liquid Fund - Growth Option - Regular Plan;INF966L01317;;15.7466;15.7466;15.7466;28-Oct-2011
103228;quant Liquid Fund - Monthly IDCW Option - Regular Plan;INF966L01291;INF966L01309;14.9597;14.9597;14.9597;28-Oct-2011
103227;quant Liquid Fund - Weekly IDCW Option - Regular Plan;INF966L01499;INF966L01283;13.1657;13.1657;13.1657;28-Oct-2011
103226;quant Liquid Fund-Daily IDCW Option - Regular Plan;;INF966L01275;13.5452;13.5452;13.5452;28-Oct-2011

Quantum Mutual Fund
103736;Quantum Liquid Fund - Direct Plan Daily IDCW;;INF082J01135;10.0000;10.0000;10.0000;28-Oct-2011
103734;Quantum Liquid Fund - Direct Plan Growth Option;INF082J01127;;14.6667;14.6667;14.6667;28-Oct-2011
103735;Quantum Liquid Fund - Direct Plan Monthly IDCW;INF082J01143;INF082J01200;10.0080;10.0080;10.0080;28-Oct-2011

SBI Mutual Fund
105274;SBI Liquid Fund - Institutional - Growth;INF200K01LU1;;16.3779;16.3779;16.3779;28-Oct-2011
105275;SBI Liquid Fund - Institutional Daily Income Distribution cum Capital Withdrawal Option (IDCW);;INF200K01LR7;10.0325;10.0325;10.0325;28-Oct-2011
105279;SBI Liquid Fund - Institutional Fortnightly Income Distribution cum Capital Withdrawal Option (IDCW);INF200K01LS5;INF200K01LT3;10.2267;10.2267;10.2267;28-Oct-2011
105278;SBI Liquid Fund - Institutional Weekly Income Distribution cum Capital Withdrawal Option (IDCW);INF200K01LV9;INF200K01LW7;10.6188;10.6188;10.6188;28-Oct-2011
105281;SBI Liquid Fund - Regular Plan - Daily Income Distribution cum Capital Withdrawal Option (IDCW);;INF200K01LX5;10.0325;10.0325;10.0325;28-Oct-2011
105283;SBI Liquid Fund - Regular Plan - Fortnightly Income Distribution cum Capital Withdrawal Option (IDCW);INF200K01LY3;INF200K01LZ0;N.A.;N.A.;N.A.;28-Oct-2011
105282;SBI Liquid Fund - Regular Plan - Weekly Income Distribution cum Capital Withdrawal Option (IDCW);INF200K01MB9;INF200K01MC7;N.A.;N.A.;N.A.;28-Oct-2011
105280;SBI Liquid Fund - REGULAR PLAN -Growth;INF200K01MA1;;16.2106;16.2106;16.2106;28-Oct-2011

Sundaram Mutual Fund
102701;Sundaram Money Fund Institutional Plan - Daily Reinvestment of Income Distribution cum Capital Withdrawal (IDCW);;INF903J01GP2;10.0953;10.0953;10.0953;28-Oct-2011
102702;Sundaram Money Fund Institutional Plan - Fortnightly Reinvestment of Income Distribution cum Capital Withdrawal (IDCW);;INF903J01GR8;0.0000;0.0000;0.0000;28-Oct-2011
102703;Sundaram Money Fund Institutional Plan - Growth;INF903J01GN7;;21.3217;21.3217;21.3217;28-Oct-2011
102704;Sundaram Money Fund Institutional Plan - Monthly Income Distribution cum Capital Withdrawal (IDCW);INF903J01GO5;INF903J01GS6;10.4203;10.4203;10.4203;28-Oct-2011
102705;Sundaram Money Fund Institutional Plan - Quarterly Reinvestment of Income Distribution cum Capital Withdrawal (IDCW);;INF903J01GT4;0.0000;0.0000;0.0000;28-Oct-2011
102706;Sundaram Money Fund Institutional Plan - Weekly Reinvestment of Income Distribution cum Capital Withdrawal (IDCW);;INF903J01GQ0;0.0000;0.0000;0.0000;28-Oct-2011
103392;Sundaram Money Fund Regular Plan - Daily Reinvestment of Income Distribution cum Capital Withdrawal (IDCW);;INF903J01GW8;10.0953;10.0953;10.0953;28-Oct-2011
103395;Sundaram Money Fund Regular Plan - Fortnightly Reinvestment of Income Distribution cum Capital Withdrawal (IDCW);;INF903J01GY4;0.0000;0.0000;0.0000;28-Oct-2011
103397;Sundaram Money Fund Regular Plan - Growth;INF903J01GU2;;21.7310;21.7310;21.7310;28-Oct-2011
103396;Sundaram Money Fund Regular Plan - Monthly Income Distribution cum Capital Withdrawal (IDCW);INF903J01GV0;INF903J01GZ1;0.0000;0.0000;0.0000;28-Oct-2011
103393;Sundaram Money Fund Regular Plan - Quarterly Reinvestment of Income Distribution cum Capital Withdrawal (IDCW);;INF903J01HA2;0.0000;0.0000;0.0000;28-Oct-2011
100620;Sundaram Money Fund Retail Plan - Daily Reinvestment of Income Distribution cum Capital Withdrawal (IDCW);;INF903J01GI7;10.0953;10.0953;10.0953;28-Oct-2011
100622;Sundaram Money Fund Retail Plan - Fortnightly Reinvestment of Income Distribution cum Capital Withdrawal (IDCW);;INF903J01GK3;10.5005;10.5005;10.5005;28-Oct-2011
100618;Sundaram Money Fund Retail Plan - Growth;INF903J01GG1;;20.7274;20.7274;20.7274;28-Oct-2011
100623;Sundaram Money Fund Retail Plan - Monthly Income Distribution cum Capital Withdrawal (IDCW);INF903J01GH9;INF903J01GL1;10.3593;10.3593;10.3593;28-Oct-2011
100619;Sundaram Money Fund Retail Plan - Quarterly Reinvestment of Income Distribution cum Capital Withdrawal (IDCW);;INF903J01GM9;11.6001;11.6001;11.6001;28-Oct-2011
100621;Sundaram Money Fund Retail Plan - Weekly Reinvestment of Income Distribution cum Capital Withdrawal (IDCW);;INF903J01GJ5;10.7777;10.7777;10.7777;28-Oct-2011
103394;Sundaram Money Fund Regular Plan - Weekly Reinvestment of Income Distribution cum Capital Withdrawal (IDCW);;INF903J01GX6;0.0000;0.0000;0.0000;28-Oct-2011

Tata Mutual Fund
102672;Tata Liquid Fund -Regular Plan - Growth Option;INF277K01YD8;;16.1811;16.1811;16.1811;28-Oct-2011
101714;Tata Liquid Fund- Regular Plan - Daily Reinvestment of IDCW Option;;INF277K011D4;10.0152;10.0152;10.0152;28-Oct-2011

Taurus Mutual Fund
111915;Taurus Liquid Fund - Regular Plan - SI Growth Option;INF044D01534;;1110.4920;1110.4920;1110.4920;28-Oct-2011
113248;Taurus Liquid Fund - Regular Plan - SI Weekly Dividend Option;;INF044D01526;1000.2361;1000.2361;1000.2361;28-Oct-2011
111703;Taurus Liquid Fund - Regular Plan -SI Daily Dividend Option;;INF044D01518;1000.0905;1000.0905;1000.0905;28-Oct-2011
111547;Taurus Liquid Fund Insti DDRIP;;INF044D01484;1000.0905;1000.0905;1000.0905;28-Oct-2011
111760;Taurus Liquid Fund Insti Growth;INF044D01500;;1132.4576;1132.4576;1132.4576;28-Oct-2011
104240;Taurus Liquid Fund-Dividend;INF044D01542;INF044D01559;1001.2175;1001.2175;1001.2175;28-Oct-2011
104241;Taurus Liquid Fund-Growth;INF044D01575;;1351.7753;1351.7753;1351.7753;28-Oct-2011

Union Mutual Fund
115401;Union Liquid Fund - Daily IDCW Option;;INF582M01021;1000.1800;1000.1800;1000.1800;28-Oct-2011
115399;Union Liquid Fund - Fortnightly IDCW Option;INF582M01062;INF582M01047;1000.4272;1000.4272;1000.4272;28-Oct-2011
115398;Union Liquid Fund - Growth Option;INF582M01013;;1032.1369;1032.1369;1032.1369;28-Oct-2011
115400;Union Liquid Fund - Monthly IDCW Option;INF582M01070;INF582M01054;1000.4272;1000.4272;1000.4272;28-Oct-2011
115402;Union Liquid Fund - Weekly IDCW Option;;INF582M01039;1000.9185;1000.9185;1000.9185;28-Oct-2011

UTI Mutual Fund
102010;UTI Liquid Fund - Regular Plan - Daily IDCW (Reinvestment);;INF789F01PG3;1019.4457;1019.4457;1019.4457;28-Oct-2011
102011;UTI Liquid Fund - Regular Plan - Monthly IDCW;INF789F01PI9;INF789F01PJ7;1031.4505;1031.4505;1031.4505;28-Oct-2011
102013;UTI Liquid Fund - Regular Plan - Weekly IDCW;;INF789F01PK5;1043.7468;1043.7468;1043.7468;28-Oct-2011
102012;UTI-  Liquid Cash Plan - Regular Plan - Growth Option;INF789F01PH1;;1692.0256;1692.0256;1692.0256;28-Oct-2011
102008;UTI-  Liquid Cash Plan- Discontinued - Regular Plan - Monthly Dividend Option;INF789F01BC2;INF789F01BA6;1098.4551;1098.4551;1098.4551;28-Oct-2011
102009;UTI-  Liquid Cash Plan- Discontinued - Regular Plan -Growth;INF789F01BB4;;1654.3751;1654.3751;1654.3751;28-Oct-2011
102007;UTI-  Liquid Cash Plan- Discontinued -Regular Plan Periodic Dividend Option;;INF789F01AZ5;1091.7254;1091.7254;1091.7254;28-Oct-2011

Open Ended Schemes ( Debt Scheme - Ultra Short Duration Fund )


Aditya Birla Sun Life Mutual Fund
112016;Aditya Birla Sun Life Savings Fund - Discipline Advantage Plan;INF209K01JT8;;114.1433;114.1433;114.1433;28-Oct-2011
101317;Aditya Birla Sun Life Savings Fund - Growth - Regular Plan;INF209K01LZ1;;196.5010;196.5010;196.5010;28-Oct-2011
105888;Aditya Birla Sun Life Savings Fund-Regular - DAILY IDCW;INF209K01LY4;;100.0680;100.0680;100.0680;28-Oct-2011
105887;Aditya Birla Sun Life Savings Fund-Regular - weekly IDCW;INF209K01MA2;;100.1821;100.1821;100.1821;28-Oct-2011
109108;Aditya Birla Sun Life Savings Fund-Retail - Daily IDCW;INF209K01MB0;;100.0680;100.0680;100.0680;28-Oct-2011
101316;Aditya Birla Sun Life Savings Fund-Retail Growth;INF209K01MC8;;191.2542;191.2542;191.2542;28-Oct-2011
105881;Aditya Birla Sun Life Savings Fund-Weekly - retail IDCW;INF209K01MD6;;100.1761;100.1761;100.1761;28-Oct-2011

Bank of India Mutual Fund
109268;BANK OF INDIA Ultra Short Duration Fund- Institutional Plan- Daily Dividend;;;1000.0000;997.5000;1000.0000;28-Oct-2011
111970;BANK OF INDIA Ultra Short Duration Fund- Regular Plan- Daily IDCW;;INF761K01CW7;1000.0000;997.5000;1000.0000;28-Oct-2011
109269;BANK OF INDIA Ultra Short Duration Fund- Regular Plan- Growth;INF761K01298;;1225.3951;1222.3316;1225.3951;28-Oct-2011
109264;BANK OF INDIA Ultra Short Duration Fund- Regular Plan- Weekly IDCW;;INF761K01CX5;1001.6407;999.1366;1001.6407;28-Oct-2011

Canara Robeco Mutual Fund
106326;Canara Robeco Ultra Short Term Fund - Institutional Plan- Daily Dividend Reinvestment Option;;INF760K01DR7;1240.7100;1240.7100;1240.7100;28-Oct-2011
106330;Canara Robeco Ultra Short Term Fund - Institutional Plan- Growth option;INF760K01CN8;;1692.6974;1692.6974;1692.6974;28-Oct-2011
109369;Canara Robeco Ultra Short Term Fund - Institutional Plan- Monthly Div Reinvest;INF760K01480;INF760K01498;1000.0000;1000.0000;1000.0000;28-Oct-2011
106327;Canara Robeco Ultra Short Term Fund - Institutional Plan- Weekly Dividend Reinvestment option;;INF760K01CO6;1240.7100;1240.7100;1240.7100;28-Oct-2011
109372;CANARA ROBECO ULTRA SHORT TERM FUND - REGULAR PLAN - DAILY IDCW (Reinvestment);;INF760K01DA3;1240.7100;1240.7100;1240.7100;28-Oct-2011
109371;CANARA ROBECO ULTRA SHORT TERM FUND - REGULAR PLAN - GROWTH OPTION;INF760K01DC9;;1563.5357;1563.5357;1563.5357;28-Oct-2011
109366;CANARA ROBECO ULTRA SHORT TERM FUND - REGULAR PLAN - WEEKLY IDCW (Payout/Reinvestment);INF760K01DE5;INF760K01DF2;1240.7100;1240.7100;1240.7100;28-Oct-2011
106325;Canara Robeco Ultra Short Term Fund - Retail Plan- Daily Dividend Reinvestment Option;;INF760K01CP3;1240.7100;1240.7100;1240.7100;28-Oct-2011
109360;Canara Robeco Ultra Short Term Fund - Retail Plan- Fortnightly Div Reinvest;;INF760K01CQ1;1240.7100;1240.7100;1240.7100;28-Oct-2011
106329;Canara Robeco Ultra Short Term Fund - Retail Plan- Growth Option;INF760K01CR9;;1682.6128;1682.6128;1682.6128;28-Oct-2011
106324;Canara Robeco Ultra Short Term Fund - Retail Plan- Income option;INF760K01DQ9;INF760K01548;1158.0227;1158.0227;1158.0227;28-Oct-2011
109361;Canara Robeco Ultra Short Term Fund - Retail Plan- Monthly Div Reinvest;;INF760K01CS7;1240.7100;1240.7100;1240.7100;28-Oct-2011
109359;Canara Robeco Ultra Short Term Fund - Retail Plan- Weekly Div Reinvest;;INF760K01CT5;1240.7100;1240.7100;1240.7100;28-Oct-2011

DSP Mutual Fund
104138;DSP Ultra Short Fund - Regular Plan - Growth;INF740K01QQ3;;1410.9769;1410.9769;1410.9769;28-Oct-2011
104140;DSP Ultra Short Fund - Regular Plan - IDCW - Daily Reinvest;;INF740KA1NW4;1002.2851;1002.2851;1002.2851;28-Oct-2011
104139;DSP Ultra Short Fund - Regular Plan - IDCW - Weekly Reinvest;;;1000.8000;1000.8000;1000.8000;28-Oct-2011

Franklin Templeton Mutual Fund
107248;Franklin India Ultra Short Bond Fund - Institutional - Growth;INF090I01CG8;;13.2554;13.2554;13.2554;28-Oct-2011
109574;Franklin India Ultra Short Bond Fund - Institutional - Weekly Dividend;INF090I01CE3;INF090I01CF0;10.2203;10.2203;10.2203;28-Oct-2011
107251;Franklin India Ultra Short Bond Fund - Institutional Plan - Daily - IDCW;;INF090I01CD5;10.0111;10.0111;10.0111;28-Oct-2011
107247;Franklin India Ultra Short Bond Fund - Retail - Growth;INF090I01CK0;;13.1532;13.1532;13.1532;28-Oct-2011
107252;Franklin India Ultra Short Bond Fund - Retail Plan - Daily - IDCW;;INF090I01CH6;10.0106;10.0106;10.0106;28-Oct-2011
109575;Franklin India Ultra Short Bond Fund - Retail Plan - Weekly - IDCW;INF090I01CI4;INF090I01CJ2;10.0397;10.0397;10.0397;28-Oct-2011
107249;Franklin India Ultra Short Bond Fund - Super Institutional - Growth;INF090I01CN4;;13.3452;13.3452;13.3452;28-Oct-2011
107250;Franklin India Ultra Short Bond Fund - Super Institutional Plan - Daily - IDCW;;INF090I01CL8;10.0116;10.0116;10.0116;28-Oct-2011
109576;Franklin India Ultra Short Bond Fund - Super Institutional Plan - Weekly - IDCW;INF090I01CM6;;10.1090;10.1090;10.1090;28-Oct-2011

ICICI Prudential Mutual Fund
115092;ICICI Prudential Ultra Short Term Fund - Growth;INF109K01TP7;;10.3667;10.2630;10.3667;28-Oct-2011
115093;ICICI Prudential Ultra Short Term Fund - Half Yearly IDCW;INF109K01TV5;INF109K01TU7;10.3667;10.2630;10.3667;28-Oct-2011
115094;ICICI Prudential Ultra Short Term Fund - Monthly IDCW;INF109K01TR3;INF109K01TQ5;10.3667;10.2630;10.3667;28-Oct-2011
115091;ICICI Prudential Ultra Short Term Fund - Quarterly IDCW;INF109K01TT9;INF109K01TS1;10.3667;10.2630;10.3667;28-Oct-2011

IDBI Mutual Fund
113252;IDBI UST Daily IDCW;;INF397L01695;10.0000;10.0000;10.0000;28-Oct-2011
113251;IDBI UST Growth;INF397L01745;;11.0059;11.0059;11.0059;28-Oct-2011
113254;IDBI UST Monthly IDCW;INF397L01711;INF397L01703;10.0075;10.0075;10.0075;28-Oct-2011
113253;IDBI UST Weekly IDCW;INF397L01737;INF397L01729;10.0102;10.0102;10.0102;28-Oct-2011

Invesco Mutual Fund
114361;Invesco India Ultra Short Duration Fund - Annual IDCW (Payout / Reinvestment);INF205K01TD9;INF205K01TE7;10.5947;10.4888;10.5947;28-Oct-2011
114359;Invesco India Ultra Short Duration Fund - Growth;INF205K01TM0;;10.6675;10.5608;10.6675;28-Oct-2011
114362;Invesco India Ultra Short Duration Fund - Monthly IDCW (Payout / Reinvestment);INF205K01TN8;INF205K01TO6;10.0748;9.9741;10.0748;28-Oct-2011
114360;Invesco India Ultra Short Duration Fund - Quarterly IDCW (Payout / Reinvestment);INF205K01TP3;INF205K01TQ1;10.2818;10.1790;10.2818;28-Oct-2011

JM Financial Mutual Fund
104270;JM Money Manager Fund - Super Plan - Dividend option - Daily dividend;;;10.0118;10.0118;10.0118;28-Oct-2011
106100;JM Money Manager Fund - Super Plan - Dividend option - Fortnightly;;;10.2278;10.2278;10.2278;28-Oct-2011
106099;JM Money Manager Fund - Super Plan - Dividend option - Weekly dividend;;;10.5126;10.5126;10.5126;28-Oct-2011
104269;JM Money Manager Fund - Super Plan - Growth Plan;;;14.6422;14.6422;14.6422;28-Oct-2011
104268;JM Money Manager Fund - Super Plus Plan - Dividend option - Daily dividend;;;10.0053;10.0053;10.0053;28-Oct-2011
106103;JM Money Manager Fund - Super Plus Plan - Dividend option - Fortnightly;;;10.2790;10.2790;10.2790;28-Oct-2011
106102;JM Money Manager Fund - Super Plus Plan - Dividend option - Weekly dividend;;;10.5122;10.5122;10.5122;28-Oct-2011
104267;JM Money Manager Fund - Super Plus Plan - Growth option;;;14.5530;14.5530;14.5530;28-Oct-2011
104272;JM Ultra Short Duration Fund - Daily Dividend;;INF192K01AN8;10.0112;10.0112;10.0112;28-Oct-2011
106101;JM Ultra Short Duration Fund - Fortnightly Dividend;;INF192K01AP3;10.1784;10.1784;10.1784;28-Oct-2011
104271;JM Ultra Short Duration Fund - Growth option;INF192K01AQ1;;14.2298;14.2298;14.2298;28-Oct-2011
106104;JM Ultra Short Duration Fund - Weekly Dividend;;INF192K01AO6;10.4820;10.4820;10.4820;28-Oct-2011

Kotak Mahindra Mutual Fund
102591;Kotak Savings Fund -Growth;INF174K01FD6;;16.4154;16.4154;16.4154;28-Oct-2011
102592;Kotak Savings Fund -Monthly Payout of Income Distribution cum capital withdrawal option;INF174K01FH7;;10.0909;10.0909;10.0909;28-Oct-2011
102590;Kotak Savings Fund -Weekly Weekly Reinvestment of Income Distribution cum capital withdrawal option;INF174K01FF1;;10.0848;10.0848;10.0848;28-Oct-2011
110575;Kotak Treasury Advantage Fund -Daily Reinvestment of Income Distribution cum capital withdrawal option;INF174K01FE4;;10.0798;10.0798;10.0798;28-Oct-2011

L&T Mutual Fund
112423;L&T Ultra Short Term Fund - Regular Plan - Growth;INF917K01AS7;;16.6484;16.6484;16.6484;28-Oct-2011
112422;L&T Ultra Short Term Fund -Regular - Cumulative;INF917K01AN8;;16.2960;16.2960;16.2960;28-Oct-2011
112425;L&T Ultra Short Term Fund- Regular Plan - Daily IDCW;;INF917K01AX7;10.1552;10.1552;10.1552;28-Oct-2011
112421;L&T Ultra Short Term Fund-Regular Plan -Monthly Dividend;INF917K01AL2;INF917K01AM0;11.4951;11.4951;11.4951;28-Oct-2011
112461;L&T Ultra Short Term Fund - Regular Plan -Semi Annual IDCW;INF917K01AO6;INF917K01AP3;12.8047;12.8047;12.8047;28-Oct-2011
112475;L&T Ultra Short Term Fund - Regular Plan - Monthly IDCW;INF917K01AQ1;INF917K01AR9;11.9477;11.9477;11.9477;28-Oct-2011

Navi Mutual Fund
112648;Navi Ultra Short Term Fund - Regular Plan Daily IDCW;;INF959L01BM8;10.0054;10.0054;10.0054;28-Oct-2011
112649;Navi Ultra Short Term Fund - Regular Plan Monthly IDCW;INF959L01BN6;INF959L01BP1;10.1375;10.1375;10.1375;28-Oct-2011
112658;Navi Ultra Short Term Fund - Regular Plan Weekly IDCW;INF959L01BQ9;INF959L01AY5;10.0150;10.0150;10.0150;28-Oct-2011
112408;Navi Ultra Short Term Fund - Regular Plan-Growth Option;INF959L01BH8;;11.2952;11.2952;11.2952;28-Oct-2011
112652;Navi Ultra Short Term Fund - Retail Plan-Dividend Option-Daily;;INF959L01379;10.0053;10.0053;10.0053;28-Oct-2011
112653;Navi Ultra Short Term Fund - Retail Plan-Dividend Option-Monthly;INF959L01387;INF959L01395;10.1091;10.1091;10.1091;28-Oct-2011
112657;Navi Ultra Short Term Fund - Retail Plan-Dividend Option-Weekly;INF959L01403;INF959L01411;10.0135;10.0135;10.0135;28-Oct-2011
112656;Navi Ultra Short Term Fund - Retail Plan-Growth;INF959L01429;;11.2382;11.2382;11.2382;28-Oct-2011

Principal Mutual Fund
107329;Principal Ultra Short Term Fund-Daily Income Distribution CUM Capital Withdrawal Option;;INF173K01CV7;10.0543;10.0543;10.0543;28-Oct-2011
107328;Principal Ultra Short Term Fund-Growth Option;INF173K01CU9;;11.5212;11.5212;11.5212;28-Oct-2011
107332;Principal Ultra Short Term Fund-Weekly Income Distribution CUM Capital Withdrawal Option;;INF173K01CW5;10.1168;10.1168;10.1168;28-Oct-2011

SBI Mutual Fund
105080;SBI Magnum Ultra Short Duration Fund - Regular Plan - Daily Income Distribution cum Capital Withdrawal Option (IDCW);;INF200K01LK2;16.7503;16.7503;16.7503;28-Oct-2011
100641;SBI MAGNUM ULTRA SHORT DURATION FUND - REGULAR PLAN - GROWTH;INF200K01LJ4;;22.8645;22.8645;22.8645;28-Oct-2011
103884;SBI Magnum Ultra Short Duration Fund - Regular Plan - Weekly Income Distribution cum Capital Withdrawal Option (IDCW);INF200K01LM8;INF200K01LL0;10.791;10.791;10.791;28-Oct-2011

UTI Mutual Fund
112083;UTI Ultra Short Duration Fund - Discontinued - INSTN GROWTH OPTION;INF789F01PM1;;1165.2115;1165.2115;1165.2115;28-Oct-2011
112082;UTI Ultra Short Duration Fund - Discontinued - INSTN PLAN - PERIODIC DIVIDEND OPTION;;INF789F01PL3;1000.7707;1000.7707;1000.7707;28-Oct-2011
109501;UTI Ultra Short Duration Fund - Regular Plan - Daily IDCW (Reinvestment);;INF789F01554;1052.0754;1052.0754;1052.0754;28-Oct-2011
102532;UTI Ultra Short Duration Fund - Regular Plan - Growth Option;INF789F01570;;1670.9214;1670.9214;1670.9214;28-Oct-2011
102531;UTI Ultra Short Duration Fund - Regular Plan - Weekly IDCW (Reinvestment);;INF789F01562;1087.5131;1087.5131;1087.5131;28-Oct-2011
112106;UTI Ultra Short Duration Fund -INSTN PLAN - FLEXI Dividend OPTION;;;1015.202;1015.202;1015.202;28-Oct-2011

Open Ended Schemes ( Debt Scheme - Low Duration Fund )


Aditya Birla Sun Life Mutual Fund
103192;Aditya Birla Sun Life Low Duration Fund - Growth Plan;INF209K01LQ0;;250.5244;250.5244;250.5244;28-Oct-2011
103195;Aditya Birla Sun Life Low Duration Fund - Institutional Plan - Growth;INF209K01KE8;;172.9671;172.9671;172.9671;28-Oct-2011
103191;Aditya Birla Sun Life Low Duration Fund -INSTITUTIONAL - DAILY IDCW;;INF209K01KD0;100.0300;100.0300;100.0300;28-Oct-2011
103194;Aditya Birla Sun Life Low Duration Fund -Institutional - weekly  IDCW;;INF209K01KG3;100.0966;100.0966;100.0966;28-Oct-2011
113307;Aditya Birla Sun Life Low Duration Fund -Regular - DAILY IDCW;;INF209KA1LP6;100.0450;100.0450;100.0450;28-Oct-2011
103193;Aditya Birla Sun Life Low Duration Fund -REGULAR - WEEKLY IDCW;;INF209KA1LQ4;100.0932;100.0932;100.0932;28-Oct-2011

Axis Mutual Fund
112215;Axis Treasury Advantage Fund - Regular Plan - Daily IDCW;;INF846K01545;1000.0793;1000.0793;1000.0793;28-Oct-2011
112214;Axis Treasury Advantage Fund - Regular Plan - Growth Option;INF846K01537;;1145.9476;1145.9476;1145.9476;28-Oct-2011
112217;Axis Treasury Advantage Fund - Regular Plan - Monthly IDCW;INF846K01578;INF846K01586;1001.2169;1001.2169;1001.2169;28-Oct-2011
112216;Axis Treasury Advantage Fund - Regular Plan - Weekly IDCW;INF846K01552;INF846K01560;1001.4809;1001.4809;1001.4809;28-Oct-2011
112720;Axis Treasury Advantage Fund - Retail Plan - Daily IDCW;;INF846K01487;1000.0793;1000.0793;1000.0793;28-Oct-2011
112717;Axis Treasury Advantage Fund - Retail Plan - Growth Option;INF846K01479;;1120.4447;1120.4447;1120.4447;28-Oct-2011
112718;Axis Treasury Advantage Fund - Retail Plan - Monthly IDCW;INF846K01511;INF846K01529;1000.7130;1000.7130;1000.7130;28-Oct-2011
112719;Axis Treasury Advantage Fund - Retail Plan - Weekly IDCW;INF846K01495;INF846K01503;1000.9758;1000.9758;1000.9758;28-Oct-2011

Bandhan Mutual Fund
108633;BANDHAN Low Duration Fund - Regular Plan - Daily IDCW;INF194K01FW4;INF194K01FV6;10.0125;10.0125;10.0125;28-Oct-2011
108632;BANDHAN Low Duration Fund - Regular Plan - Growth;INF194K01FU8;;14.2388;14.2388;14.2388;28-Oct-2011
108635;BANDHAN Low Duration Fund - Regular Plan - Monthly IDCW;INF194K01FZ7;INF194K01FY0;10.1023;10.1023;10.1023;28-Oct-2011
116020;BANDHAN Low Duration Fund - Regular Plan - Periodic IDCW;INF194K01I29;INF194K01I37;10.0197;10.0197;10.0197;28-Oct-2011
108634;BANDHAN Low Duration Fund - Regular Plan - Weekly IDCW;INF194K01GC4;INF194K01GB6;10.0061;10.0061;10.0061;28-Oct-2011

Baroda BNP Paribas Mutual Fund
112032;Baroda Treasury Advantage Fund- Plan A- Daily IDCW Option;INF955L01294;INF955L01302;1000.9100;1000.9100;1000.9100;28-Oct-2011
112029;Baroda Treasury Advantage Fund- Plan A- Growth Option;INF955L01310;;1165.4485;1165.4485;1165.4485;28-Oct-2011
112033;Baroda Treasury Advantage Fund- Plan A- Weekly IDCW Option;INF955L01328;INF955L01336;1002.6696;1002.6696;1002.6696;28-Oct-2011
112025;Baroda Treasury Advantage Fund- Regular Plan - Daily IDCW Option;INF955L01369;INF955L01377;1000.9500;1000.9500;1000.9500;28-Oct-2011
112031;Baroda Treasury Advantage Fund- Regular Plan - Growth Option;INF955L01385;;1164.0462;1164.0462;1164.0462;28-Oct-2011
112027;Baroda Treasury Advantage Fund- Regular Plan - Monthly IDCW Option;INF955L01393;INF955L01401;1002.0924;1002.0924;1002.0924;28-Oct-2011
112026;Baroda Treasury Advantage Fund- Regular Plan - Weekly IDCW Option;INF955L01419;INF955L01427;1001.6871;1001.6871;1001.6871;28-Oct-2011

BNP Paribas Mutual Fund
113482;BNP PARIBAS LOW DURATION Fund-Institutional Plan- Daily Dividend Option (Compulsory Reinvestment);;;10.0059;10.0059;10.0059;28-Oct-2011
113479;BNP PARIBAS LOW DURATION Fund-Institutional Plan-Growth Option;;;15.6114;15.6114;15.6114;28-Oct-2011
113481;BNP PARIBAS LOW DURATION Fund-Institutional Plan-Monthly Dividend Option;;;10.0743;10.0743;10.0743;28-Oct-2011
113480;BNP PARIBAS LOW DURATION Fund-Institutional Plan-Weekly Dividend Option;;;10.0045;10.0045;10.0045;28-Oct-2011
113483;BNP PARIBAS LOW DURATION Fund-Regular Plan- Daily Income Distribution cum Capital Withdrawal Option (Compulsory Reinvestment);;INF251K01DM8;10.0053;10.0053;10.0053;28-Oct-2011
113476;BNP PARIBAS LOW DURATION Fund-Regular Plan-Growth Option;INF251K01DL0;;15.3661;15.3661;15.3661;28-Oct-2011
113478;BNP PARIBAS LOW DURATION Fund-Regular Plan-Monthly Income Distribution cum Capital Withdrawal Option;INF251K01DO4;INF251K01DP1;10.0703;10.0703;10.0703;28-Oct-2011
113477;BNP PARIBAS LOW DURATION Fund-Regular Plan-Weekly Income Distribution cum Capital Withdrawal Option;;INF251K01DN6;10.0045;10.0045;10.0045;28-Oct-2011

Canara Robeco Mutual Fund
104559;CANARA ROBECO SAVINGS FUND - REGULAR PLAN - DAILY IDCW (Reinvestment);;INF760K01803;10.2600;10.2600;10.2600;28-Oct-2011
102913;CANARA ROBECO SAVINGS FUND - REGULAR PLAN - GROWTH OPTION;INF760K01795;;16.0458;16.0458;16.0458;28-Oct-2011
102914;CANARA ROBECO SAVINGS FUND - REGULAR PLAN - IDCW (Payout/Reinvestment);INF760K01779;INF760K01787;14.3695;14.3695;14.3695;28-Oct-2011
113144;CANARA ROBECO SAVINGS FUND - REGULAR PLAN - MONTHLY IDCW (Payout/Reinvestment);INF760K01AM4;INF760K01AN2;10.2600;10.2600;10.2600;28-Oct-2011
102915;CANARA ROBECO SAVINGS FUND - REGULAR PLAN - WEEKLY IDCW (Payout/Reinvestment);INF760K01CB3;INF760K01811;10.2600;10.2600;10.2600;28-Oct-2011

Franklin Templeton Mutual Fund
113135;Franklin India Low Duration Fund - Growth Plan;INF090I01BU1;;11.1031;11.0476;11.1031;28-Oct-2011
100503;Franklin India Low Duration Fund - Monthly - IDCW;INF090I01BQ9;INF090I01BR7;10.3791;10.3272;10.3791;28-Oct-2011
100504;Franklin India Low Duration Fund - Quarterly - IDCW;INF090I01BS5;INF090I01BT3;10.3302;10.2785;10.3302;28-Oct-2011

HDFC Mutual Fund
105548;HDFC Low Duration  Fund - Daily IDCW;;INF179K01434;10.0315;10.0315;10.0315;28-Oct-2011
102452;HDFC Low Duration  Fund - Growth;INF179K01442;;22.3115;22.3115;22.3115;28-Oct-2011
105543;HDFC Low Duration  Fund - Monthly IDCW;INF179K01459;INF179K01467;10.1233;10.1233;10.1233;28-Oct-2011
102453;HDFC Low Duration  Fund - Weekly IDCW;INF179K01475;INF179K01483;10.0299;10.0299;10.0299;28-Oct-2011
105547;HDFC Low Duration Fund- Wholesale Daily Dividend;;INF179K01541;10.0315;10.0315;10.0315;28-Oct-2011
105546;HDFC Low Duration Fund- Wholesale Monthly Dividend;INF179K01509;INF179K01517;10.1272;10.1272;10.1272;28-Oct-2011
105545;HDFC Low Duration Fund- Wholesale Weekly Dividend;INF179K01525;;10.0306;10.0306;10.0306;28-Oct-2011
105544;HDFC Low Duration Fund- Wholesale- Growth;INF179K01491;;22.6309;22.6309;22.6309;28-Oct-2011

HSBC Mutual Fund
104344;HSBC Low Duration Fund  - Growth;INF336L01AH1;;13.9422;13.9073;13.9422;28-Oct-2011
104350;HSBC Low Duration Fund  - Regular - Growth;INF336L01AP4;;13.7946;13.7601;13.7946;28-Oct-2011
104342;HSBC Low Duration Fund - Daily IDCW;;INF336L01AO7;10.0022;9.9772;10.0022;28-Oct-2011
104346;HSBC Low Duration Fund - Inst. Plus - Monthly IDCW;INF336L01AN9;INF336L01AM1;0.0000;0.0000;0.0000;28-Oct-2011
104345;HSBC Low Duration Fund - Inst. Plus - Weekly IDCW;;INF336L01AK5;10.1823;10.1568;10.1823;28-Oct-2011
104349;HSBC Low Duration Fund - Inst.Plus - Daily IDCW;;INF336L01AS8;10.1288;10.1035;10.1288;28-Oct-2011
104351;HSBC Low Duration Fund - Regular Monthly IDCW;;INF336L01AG3;10.0009;9.9759;10.0009;28-Oct-2011
104343;HSBC Low Duration Fund - Weekly IDCW;;INF336L01AQ2;10.0498;10.0247;10.0498;28-Oct-2011
104347;HSBC Ultra Short Term Bond Fund - Inst. Plus - Growth;INF336L01AR0;;0.0000;0.0000;0.0000;28-Oct-2011

ICICI Prudential Mutual Fund
101618;ICICI Prudential Savings Fund - Daily IDCW;INF109K01738;;105.7350;105.7350;105.7350;28-Oct-2011
101619;ICICI Prudential Savings Fund - Growth;INF109K01746;;192.4712;192.4712;192.4712;28-Oct-2011
101617;ICICI Prudential Savings Fund - Weekly IDCW;INF109K01JO1;INF109K01753;105.5359;105.5359;105.5359;28-Oct-2011
111795;ICICI Prudential Savings Fund Retail Daily Dividend;INF109K01EI4;INF109K01BW1;100.2841;100.2841;100.2841;28-Oct-2011
111794;ICICI Prudential Savings Fund Retail Growth;INF109K01BX9;;116.4828;116.4828;116.4828;28-Oct-2011
111793;ICICI Prudential Savings Fund Retail Weekly Dividend;INF109K01EJ2;INF109K01BY7;100.4075;100.4075;100.4075;28-Oct-2011

Invesco Mutual Fund
105025;Invesco India Low Duration Fund - Daily IDCW (Reinvestment);;INF205K01HZ7;1001.7150;1001.7150;1001.7150;28-Oct-2011
115458;Invesco India Low Duration Fund - Discretionary IDCW (Payout / Reinvestment);INF205K01IG5;INF205K01IF7;1010.8126;1010.8126;1010.8126;28-Oct-2011
104726;Invesco India Low Duration Fund - Growth;INF205K01HY0;;1423.6821;1423.6821;1423.6821;28-Oct-2011
104729;Invesco India Low Duration Fund - Monthly IDCW (Payout / Reinvestment);INF205K01ID2;INF205K01IC4;1008.3509;1008.3509;1008.3509;28-Oct-2011
104728;Invesco India Low Duration Fund - Regular - Growth;INF205K01HT0;;1391.4267;1391.4267;1391.4267;28-Oct-2011
104723;Invesco India Low Duration Fund - Regular - Monthly IDCW (Reinvestment);;INF205K01HW4;1008.7159;1008.7159;1008.7159;28-Oct-2011
104722;Invesco India Low Duration Fund - Regular - Weekly IDCW (Reinvestment);;INF205K01HV6;1002.9004;1002.9004;1002.9004;28-Oct-2011
105024;Invesco India Low Duration Fund - Regular Daily IDCW (Reinvestment);;INF205K01HU8;1001.6350;1001.6350;1001.6350;28-Oct-2011
104725;Invesco India Low Duration Fund - Weekly IDCW (Payout / Reinvestment);INF205K01IB6;INF205K01IA8;1002.5052;1002.5052;1002.5052;28-Oct-2011
104724;Invesco India Ultra Short Term Fund - Regular - Bonus;INF205K01HX2;;1341.8815;1341.8815;1341.8815;28-Oct-2011

LIC Mutual Fund
111676;LIC MF Low Duration Fund-Regular Plan-Daily IDCW;INF767K01AK3;INF767K01AL1;10.0118;10.0118;10.0118;28-Oct-2011
101830;LIC MF Low Duration Fund-Regular Plan-Growth;INF767K01AO5;;16.2241;16.2241;16.2241;28-Oct-2011
101829;LIC MF Low Duration Fund-Regular Plan-Monthly IDCW;INF767K01AM9;INF767K01AN7;10.1338;10.1338;10.1338;28-Oct-2011
111675;LIC MF Low Duration Fund-Regular Plan-Weekly IDCW;INF767K01AP2;INF767K01AQ0;10.0362;10.0362;10.0362;28-Oct-2011

Mirae Asset Mutual Fund
107698;Mirae Asset Savings Fund-Regular Plan- Daily Dividend;;INF769K01895;1073.9673;1072.8933;1073.9673;28-Oct-2011
107695;Mirae Asset Savings Fund-Regular Plan- Growth;INF769K01846;;1126.5239;1125.3974;1126.5239;28-Oct-2011
107697;Mirae Asset Savings Fund-Regular Plan- Monthly Dividend;INF769K01879;INF769K01911;1076.0293;1074.9533;1076.0293;28-Oct-2011
107696;Mirae Asset Savings Fund-Regular Plan- Weekly Dividend;;INF769K01903;1073.8792;1072.8053;1073.8792;28-Oct-2011

Nippon India Mutual Fund
111747;NIPPON INDIA LOW DURATION FUND - DAILY IDCW Option;;INF204K01EX2;1001.3715;1001.3715;1001.3715;28-Oct-2011
111749;NIPPON INDIA LOW DURATION FUND - MONTHLY IDCW Option;INF204K01EZ7;INF204K01FA7;1009.2527;1009.2527;1009.2527;28-Oct-2011
111744;NIPPON INDIA LOW DURATION FUND - RETAIL Plan - DAILY IDCW Option;;INF204K01EP8;1001.1218;1001.1218;1001.1218;28-Oct-2011
111748;Nippon India Low Duration Fund - Retail Plan - Growth Plan - Growth Option;INF204K01EN3;;1391.0626;1391.0626;1391.0626;28-Oct-2011
111743;Nippon India Low Duration Fund - Retail Plan - Growth Plan -Bonus Option;INF204K01EO1;;1381.9014;1381.9014;1381.9014;28-Oct-2011
111751;NIPPON INDIA LOW DURATION FUND - RETAIL Plan - MONTHLY IDCW Option;INF204K01ER4;INF204K01ES2;1010.3389;1010.3389;1010.3389;28-Oct-2011
111752;NIPPON INDIA LOW DURATION FUND - RETAIL Plan - QUARTERLY IDCW Option;INF204K01ET0;INF204K01EU8;1031.7040;1031.7040;1031.7040;28-Oct-2011
111745;NIPPON INDIA LOW DURATION FUND - RETAIL Plan - WEEKLY IDCW Option;INF204K01OP7;INF204K01EQ6;1003.6363;1003.6363;1003.6363;28-Oct-2011
111754;NIPPON INDIA LOW DURATION FUND - WEEKLY IDCW Option;INF204K01OO0;INF204K01EY0;1002.5902;1002.5902;1002.5902;28-Oct-2011
111753;Nippon India Low Duration Fund- Growth Plan - Growth Option;INF204K01EV6;;1409.1093;1409.1093;1409.1093;28-Oct-2011

Principal Mutual Fund
102723;Principal Low Duration Fund - Weekly Income Distribution CUM Capital Withdrawal Option;;INF173K01DI2;10.004;10.004;10.004;28-Oct-2011
105461;Principal Low Duration Fund -Daily Income Distribution CUM Capital Withdrawal Option;;INF173K01DH4;10.0123;10.0123;10.0123;28-Oct-2011
102722;Principal Low Duration Fund- Growth Option;INF173K01DG6;;16.331;16.331;16.331;28-Oct-2011
102724;Principal Low Duration Fund- Monthly Income Distribution CUM Capital Withdrawal Option;INF173K01DJ0;INF173K01DK8;10.9826;10.9826;10.9826;28-Oct-2011

SBI Mutual Fund
106213;SBI Magnum Low Duration Fund - Regular Plan - Daily Income Distribution cum Capital Withdrawal Option (IDCW);;INF200K01ML8;10.0073;10.0073;10.0073;28-Oct-2011
106215;SBI Magnum Low Duration Fund - Regular Plan - Fornightly Income Distribution cum Capital Withdrawal Option (IDCW);INF200K01MM6;INF200K01MN4;10.2212;10.2212;10.2212;28-Oct-2011
106212;SBI MAGNUM LOW DURATION FUND - REGULAR PLAN - GROWTH;INF200K01MO2;;13.2671;13.2671;13.2671;28-Oct-2011
106216;SBI Magnum Low Duration Fund - Regular Plan - Monthly Income Distribution cum Capital Withdrawal Option (IDCW);INF200K01MP9;INF200K01MQ7;10.3967;10.3967;10.3967;28-Oct-2011
106214;SBI Magnum Low Duration Fund - Regular Plan - Weekly Income Distribution cum Capital Withdrawal Option (IDCW);INF200K01MR5;INF200K01MS3;10.1072;10.1072;10.1072;28-Oct-2011
106221;SBI Short Horizon Debt Fund - Ultra Short Term Fund - Institutional Plan - Daily Income Distribution cum Capital Withdrawal Option (IDCW);;INF200K01MD5;10.006;10.006;10.006;28-Oct-2011
106217;SBI Short Horizon Debt Fund - Ultra Short Term Fund - Institutional Plan - Growth;INF200K01MG8;;13.4691;13.4691;13.4691;28-Oct-2011
106224;SBI Short Horizon Debt Fund - Ultra Short Term Fund - Institutional Plan - Monthly Income Distribution cum Capital Withdrawal Option (IDCW);INF200K01MH6;INF200K01MI4;10.6317;10.6317;10.6317;28-Oct-2011
106222;SBI Short Horizon Debt Fund - Ultra Short Term Fund- Institutional Plan - Weekly Income Distribution cum Capital Withdrawal Option (IDCW);INF200K01MJ2;INF200K01MK0;10.054;10.054;10.054;28-Oct-2011
106223;SBI Short Horizon Debt Fund -Ultra Short Term Fund - Institutional Plan - Fortnightly Income Distribution cum Capital Withdrawal Option (IDCW);INF200K01ME3;INF200K01MF0;N.A.;N.A.;N.A.;28-Oct-2011

Sundaram Mutual Fund
105554;Sundaram Low Duration Fund Institutional Plan - Daily Reinvestment of Income Distribution cum Capital Withdrawal (IDCW);;INF903J01RE3;10.0370;10.0370;10.0370;28-Oct-2011
105560;Sundaram Low Duration Fund Institutional Plan - Fortnightly Income Distribution cum Capital Withdrawal (IDCW);INF903J01JM3;INF903J01EK8;10.5093;10.5093;10.5093;28-Oct-2011
105562;Sundaram Low Duration Fund Institutional Plan - Growth;INF903J01EG6;;13.7732;13.7732;13.7732;28-Oct-2011
105561;Sundaram Low Duration Fund Institutional Plan - Monthly Income Distribution cum Capital Withdrawal (IDCW);INF903J01EH4;INF903J01EL6;10.4740;10.4740;10.4740;28-Oct-2011
105555;Sundaram Low Duration Fund Institutional Plan - Quarterly Income Distribution cum Capital Withdrawal (IDCW);INF903J01JN1;INF903J01EM4;0.0000;0.0000;0.0000;28-Oct-2011
105559;Sundaram Low Duration Fund Institutional Plan - Weekly Income Distribution cum Capital Withdrawal (IDCW);INF903J01JL5;INF903J01EJ0;10.7845;10.7845;10.7845;28-Oct-2011
105565;Sundaram Low Duration Fund Regular Plan - Daily Reinvestment of Income Distribution cum Capital Withdrawal (IDCW);;INF903J01EP7;10.0370;10.0370;10.0370;28-Oct-2011
105557;Sundaram Low Duration Fund Regular Plan - Fortnightly Income Distribution cum Capital Withdrawal (IDCW);INF903J01JP6;INF903J01ER3;0.0000;0.0000;0.0000;28-Oct-2011
105563;Sundaram Low Duration Fund Regular Plan - Growth;INF903J01EN2;;13.9779;13.9779;13.9779;28-Oct-2011
105566;Sundaram Low Duration Fund Regular Plan - Monthly Income Distribution cum Capital Withdrawal (IDCW);INF903J01EO0;INF903J01ES1;0.0000;0.0000;0.0000;28-Oct-2011
105558;Sundaram Low Duration Fund Regular Plan - Quarterly Income Distribution cum Capital Withdrawal (IDCW);INF903J01JQ4;INF903J01ET9;0.0000;0.0000;0.0000;28-Oct-2011
105556;Sundaram Low Duration Fund Regular Plan - Weekly Income Distribution cum Capital Withdrawal (IDCW);INF903J01JO9;INF903J01EQ5;10.7828;10.7828;10.7828;28-Oct-2011
105553;Sundaram Low Duration Fund Retail Plan - Daily Reinvestment of Income Distribution cum Capital Withdrawal (IDCW);;INF903J01EB7;10.0370;10.0370;10.0370;28-Oct-2011
105550;Sundaram Low Duration Fund Retail Plan - Fortnightly Income Distribution cum Capital Withdrawal (IDCW);INF903J01JJ9;INF903J01ED3;10.4699;10.4699;10.4699;28-Oct-2011
105564;Sundaram Low Duration Fund Retail Plan - Growth;INF903J01DZ8;;13.4416;13.4416;13.4416;28-Oct-2011
105551;Sundaram Low Duration Fund Retail Plan - Monthly Income Distribution cum Capital Withdrawal (IDCW);INF903J01EA9;INF903J01EE1;10.4135;10.4135;10.4135;28-Oct-2011
105552;Sundaram Low Duration Fund Retail Plan - Quarterly Income Distribution cum Capital Withdrawal (IDCW);INF903J01JK7;INF903J01EF8;10.1466;10.1466;10.1466;28-Oct-2011
105549;Sundaram Low Duration Fund Retail Plan - Weekly Income Distribution cum Capital Withdrawal (IDCW);INF903J01JI1;INF903J01EC5;10.7411;10.7411;10.7411;28-Oct-2011

Tata Mutual Fund
103159;Tata Treasury Advantage Fund - Regular Plan - Growth Option;INF277K01MA9;;15.4441;15.4441;15.4441;28-Oct-2011
103160;Tata Treasury Advantage Fund Regular Plan - Daily Reinvestment of IDCW Option;;INF277K01LZ8;10.0356;10.0356;10.0356;28-Oct-2011
115464;Tata Treasury Advantage Fund Regular Plan - Periodic Payout of IDCW Option;INF277K01MC5;INF277K01ME1;10.0806;10.0806;10.0806;28-Oct-2011
103158;Tata Treasury Advantage Fund Regular Plan - Weekly Payout of IDCW Option;INF277K01MD3;INF277K01MB7;10.0881;10.0881;10.0881;28-Oct-2011

UTI Mutual Fund
102538;UTI Low Duration Fund - Discontinued - Annaul Dividend Option;INF789F01OK8;INF789F01OL6;1402.9349;1402.9349;1402.9349;28-Oct-2011
105578;UTI Low Duration Fund - Discontinued - Periodic Dividend Plan;;INF789F01349;1045.8742;1045.8742;1045.8742;28-Oct-2011
102541;UTI Low Duration Fund - Discontinued - Quarterly Dividend Option;INF789F01OO0;INF789F01OP7;1333.8438;1333.8438;1333.8438;28-Oct-2011
102539;UTI Low Duration Fund - Discontinued Bonus Option;INF789F01OM4;;1740.4545;1740.4545;1740.4545;28-Oct-2011
105659;UTI Low Duration Fund - Discontinued Flexi Dividend Plan;INF789F01PA6;;1062.5499;1062.5499;1062.5499;28-Oct-2011
102540;UTI Low Duration Fund - Discontinued Growth Option;INF789F01331;;2610.9728;2610.9728;2610.9728;28-Oct-2011
105670;UTI Low Duration Fund - Discontinued Monthly Dividend Option;INF789F01OY9;INF789F01OZ6;1043.7427;1043.7427;1043.7427;28-Oct-2011
102545;UTI Low Duration Fund - Regular Plan - Bonus Option;INF789F01OS1;;1627.3662;1627.3662;1627.3662;28-Oct-2011
105605;UTI Low Duration Fund - Regular Plan - Daily IDCW (Reinvestment);;INF789F01ON2;1000.2141;1000.2141;1000.2141;28-Oct-2011
102544;UTI Low Duration Fund - Regular Plan - Growth Option;INF789F01OT9;;1390.7666;1390.7666;1390.7666;28-Oct-2011
105658;UTI Low Duration Fund - Regular Plan - Monthly IDCW;INF789F01OU7;INF789F01OV5;1029.5231;1029.5231;1029.5231;28-Oct-2011
115483;UTI Low Duration Fund - Regular Plan - Quarterly IDCW;INF789F01OW3;INF789F01OX1;1001.9621;1001.9621;1001.9621;28-Oct-2011
105627;UTI Low Duration Fund - Regular Plan - Weekly IDCW;INF789F01PB4;INF789F01PC2;1005.4282;1005.4282;1005.4282;28-Oct-2011

Open Ended Schemes ( Debt Scheme - Money Market Fund )


Aditya Birla Sun Life Mutual Fund
101973;Aditya Birla Sun Life Money Manager Fund - Daily IDCW;;INF209K01SZ6;100.0200;100.0200;100.0200;28-Oct-2011
101976;Aditya Birla Sun Life Money Manager Fund - Growth;INF209K01RV7;;136.8073;136.8073;136.8073;28-Oct-2011
101972;Aditya Birla Sun Life Money Manager Fund - Retail - Daily IDCW;;INF209K01JZ5;100.0150;100.0150;100.0150;28-Oct-2011
101970;Aditya Birla Sun Life Money Manager Fund - RETAIL - WEEKLY IDCW;;INF209K01JY8;103.9190;103.9190;103.9190;28-Oct-2011
101971;Aditya Birla Sun Life Money Manager Fund - Retail Growth;INF209K01MJ3;;169.6804;169.6804;169.6804;28-Oct-2011
101974;Aditya Birla Sun Life Money Manager Fund - WEEKLY IDCW;;INF209K01SY9;100.2487;100.2487;100.2487;28-Oct-2011
113428;Birla Sun Life Floating Rate - Long Term - Daily Dividend;;INF209K01JX0;100.0708;99.8206;100.0708;28-Oct-2011
111808;Birla Sun Life Floating Rate - Long Term - Growth;;;121.9517;121.6468;121.9517;28-Oct-2011
101969;Birla Sun Life Floating Rate - Long Term - Retail - Growth;;;177.2327;176.7896;177.2327;28-Oct-2011
111807;Birla Sun Life Floating Rate - Long Term - Weekly Dividend;;;100.1330;99.8827;100.1330;28-Oct-2011
105614;Birla Sun Life Floating Rate Fund-Long Term - Retail Plan-Weekly Dividend;;;100.1317;99.8814;100.1317;28-Oct-2011

Bandhan Mutual Fund
108757;BANDHAN Money Manager Fund - Regular Plan - Monthly IDCW;INF194K01LO9;INF194K01LN1;10.1746;10.1746;10.1746;28-Oct-2011
108756;BANDHAN Money Manager Fund - Regular Plan - Growth;INF194K01LJ9;;16.5149;16.5149;16.5149;28-Oct-2011
108650;BANDHAN Money Manager Fund - Regular Plan - Daily IDCW;INF194K01LL5;INF194K01LK7;10.0699;10.0699;10.0699;28-Oct-2011
108701;BANDHAN Money Manager Fund - Regular Plan - Weekly IDCW;INF194K01LR2;INF194K01LQ4;10.0189;10.0189;10.0189;28-Oct-2011
108698;BANDHAN-Money Manager Fund - Daily Dividend;INF194K01MF5;INF194K01ME8;10.0015;10.0015;10.0015;28-Oct-2011
108697;BANDHAN-Money Manager Fund - Growth;INF194K01MD0;;12.2643;12.2643;12.2643;28-Oct-2011
108700;BANDHAN-Money Manager Fund - Monthly Dividend;INF194K01ML3;INF194K01MK5;10.0010;10.0010;10.0010;28-Oct-2011
108699;BANDHAN-Money Manager Fund - Weekly Dividend;INF194K01MI9;INF194K01MH1;10.0569;10.0569;10.0569;28-Oct-2011

DSP Mutual Fund
100087;DSP Savings Fund - Regular Plan - Growth;INF740K01714;;21.2735;21.2735;21.2735;28-Oct-2011
100088;DSP Savings Fund - Regular Plan - IDCW;INF740K01706;INF740K01AJ2;11.3221;11.3221;11.3221;28-Oct-2011
100089;DSP Savings Fund - Regular Plan - IDCW - Monthly;INF740K01722;INF740K01AK0;10.2509;10.2509;10.2509;28-Oct-2011

Franklin Templeton Mutual Fund
101357;Franklin India Money Market Fund - Growth Option;INF090I01CA1;;18.8169;18.7699;18.8169;28-Oct-2011
101359;Franklin India Money Market Fund - Institutional Option - Dividend;INF090I01BW7;INF090I01BV9;10.3513;10.3254;10.3513;28-Oct-2011
101358;Franklin India Money Market Fund - Institutional Option - Growth;INF090I01BX5;;15.6688;15.6296;15.6688;28-Oct-2011
101356;Franklin India Money Market Fund Retail Option - Quarterly - IDCW;INF090I01BZ0;INF090I01BY3;10.8816;10.8544;10.8816;28-Oct-2011
105654;Templeton Floating Rate Income Fund -  Super Institutional Plan - Growth;INF090I01CB9;;14.2300;14.1944;14.2300;28-Oct-2011
105904;Templeton Floating Rate Income Fund - Super Institutional Plan - Daily Dividend;;INF090I01CC7;10.0206;9.9955;10.0206;28-Oct-2011

HDFC Mutual Fund
101994;HDFC Money Market Fund - Daily IDCW Option;;INF179KB1IG6;10.6364;10.6364;10.6364;28-Oct-2011
101993;HDFC Money Market Fund - Growth Option;INF179KB1HR5;;21.535;21.535;21.535;28-Oct-2011
101995;HDFC Money Market Fund - Weekly IDCW Option;INF179KB1IH4;INF179KB1II2;10.6426;10.6426;10.6426;28-Oct-2011

ICICI Prudential Mutual Fund
115328;ICICI Prudential Money Market Fund Dividend;INF109K01I72;;100.0020;100.0020;100.0020;28-Oct-2011
101221;ICICI Prudential Money Market Fund Retail Growth (erstwhile Cash Option);INF109K01TW3;;164.1125;164.1125;164.1125;28-Oct-2011
103634;ICICI Prudential Money Market Fund Option - Daily IDCW;INF109K01TY9;;100.0115;100.0115;100.0115;28-Oct-2011
103633;ICICI Prudential Money Market Fund Option - Growth;INF109K01TX1;;142.5417;142.5417;142.5417;28-Oct-2011
103637;ICICI Prudential Money Market Fund Option - Monthly IDCW;INF109K01UC3;INF109K01UB5;100.4235;100.4235;100.4235;28-Oct-2011
103635;ICICI Prudential Money Market Fund Option - Weekly IDCW;INF109K01TZ6;;100.1646;100.1646;100.1646;28-Oct-2011
103636;ICICI Prudential Money Market Fund Option -Fortnightly IDCW;INF109K01UA7;;100.3047;100.3047;100.3047;28-Oct-2011

Invesco Mutual Fund
115515;Invesco India Money Market Fund - Daily IDCW (Reinvestment);;INF205K01RU7;10.0029;9.9779;10.0029;28-Oct-2011
112123;Invesco India Money Market Fund - Growth;INF205K01SD1;;11.5868;11.5578;11.5868;28-Oct-2011
112125;Invesco India Money Market Fund - Monthly IDCW (Payout / Reinvestment);INF205K01SE9;INF205K01SF6;10.2380;10.2124;10.2380;28-Oct-2011
112120;Invesco India Money Market Fund - Regular - Growth;INF205K01SG4;;11.4784;11.4497;11.4784;28-Oct-2011
112122;Invesco India Money Market Fund - Regular - Monthly IDCW (Payout / Reinvestment);INF205K01SH2;INF205K01SI0;10.2854;10.2597;10.2854;28-Oct-2011

Kotak Mahindra Mutual Fund
106842;Kotak Money Market Fund - (Daily Reinvestment of Income Distribution cum capital withdrawal option);INF174K01ND0;;10.1162;10.1162;10.1162;28-Oct-2011
101893;Kotak Money Market Fund - (Growth);INF174K01NA6;;16.8744;16.8744;16.8744;28-Oct-2011
101892;Kotak Money market Fund - (Monthly Payout of Income Distribution cum capital withdrawal option);INF174K018O0;INF174K01NB4;10.0531;10.0531;10.0531;28-Oct-2011
101894;Kotak Money Market Fund - (Weekly Reinvestment of Income Distribution cum capital withdrawal option);INF174K01NC2;;10.1298;10.1298;10.1298;28-Oct-2011

L&T Mutual Fund
114217;L&T Money Market Fund - Regular Plan - Daily IDCW;;INF917K01AY5;10.8591;10.8591;10.8591;28-Oct-2011
114216;L&T Money Market Fund - Regular Plan - Growth;INF917K01BC9;;14.9852;14.9852;14.9852;28-Oct-2011
114219;L&T Money Market Fund - Regular Plan - Monthly IDCW;INF917K01BB1;INF917K01BA3;10.7195;10.7195;10.7195;28-Oct-2011
114218;L&T Money Market Fund - Regular Plan - Weekly IDCW;;INF917K01AZ2;12.0901;12.0901;12.0901;28-Oct-2011

Nippon India Mutual Fund
103050;NIPPON INDIA MONEY MARKET FUND - DAILY IDCW Option;;INF204K01UY6;10.0051;10.0051;10.0051;28-Oct-2011
103051;NIPPON INDIA MONEY MARKET FUND - WEEKLY IDCW Option;;INF204K01UZ3;10.0035;10.0035;10.0035;28-Oct-2011
103048;Nippon India Money Market Fund-Growth Plan-Growth Option;INF204K01VA4;;15.5280;15.5280;15.5280;28-Oct-2011

quant Mutual Fund
103465;Quant Money Market Fund-Dividend Option;INF966L01382;INF966L01390;14.4861;14.4861;14.4861;28-Oct-2011
103464;Quant Money Market Fund-Growth Option;INF966L01408;;15.3359;15.3359;15.3359;28-Oct-2011

SBI Mutual Fund
102503;SBI  SAVINGS FUND - REGULAR PLAN - GROWTH;INF200K01636;;15.9924;15.9924;15.9924;28-Oct-2011
102504;SBI Savings Fund - Regular Plan - Income Distribution cum Capital Withdrawal Option (IDCW);INF200K01644;INF200K01651;10.8617;10.8617;10.8617;28-Oct-2011
114348;SBI Savings Fund - Regular Plan Daily Income Distribution cum Capital Withdrawal Option (IDCW);;INF200KA1K20;10.0622;10.0622;10.0622;28-Oct-2011
102860;SBI Savings Fund - Regular Plan Weekly Income Distribution cum Capital Withdrawal Option (IDCW);INF200K01669;INF200K01677;11.1404;11.1404;11.1404;28-Oct-2011

Tata Mutual Fund
101986;Tata Money Market Fund- Regular Plan - Daily Reinvestment of IDCW Option;;INF277K014C0;1114.5200;1114.5200;1114.5200;28-Oct-2011
101847;Tata Money Market Fund-Regular Plan - Growth Option;INF277K01LQ7;;1903.5279;1903.5279;1903.5279;28-Oct-2011

UTI Mutual Fund
112077;UTI MMF - Regular Plan - Growth Option;INF789F01PX8;;1154.4518;1154.4518;1154.4518;28-Oct-2011
100724;UTI MMF- Discontinued - Regular Plan - Flexi Dividend Option;;INF789F01BD0;1925.8336;1925.8336;1925.8336;28-Oct-2011
100725;UTI MMF- Discontinued - Regular Plan - Periodic Dividend Option;INF789F01BE8;;1915.4337;1915.4337;1915.4337;28-Oct-2011
100723;UTI MMF-Discontinued - Regular Plan -Growth;INF789F01BF5;;2857.1006;2857.1006;2857.1006;28-Oct-2011
112076;UTI Money Market Fund - Regular Plan - Daily IDCW (Reinvestment);;INF789F01PW0;1003.3854;1003.3854;1003.3854;28-Oct-2011
112635;UTI Money Market Fund - Regular Plan - Weekly IDCW;INF789F01PY6;INF789F01PZ3;1015.8024;1015.8024;1015.8024;28-Oct-2011

Open Ended Schemes ( Debt Scheme - Short Duration Fund )


Aditya Birla Sun Life Mutual Fund
101844;Aditya Birla Sun Life Short Term Fund - Growth - Regular Plan;INF209K01942;;16.1286;16.0883;16.1286;28-Oct-2011
101843;Aditya Birla Sun Life Short Term Fund - REGULAR - IDCW;INF209K01975;INF209K01DK0;10.7035;10.6767;10.7035;28-Oct-2011
112356;Aditya Birla Sun Life Short Term Fund - REGULAR - Quarterly IDCW;INF209K01BU3;;10.0088;9.9838;10.0088;28-Oct-2011
109216;Aditya Birla Sun Life Short Term Fund-Institutional Dividend Plan;INF209K01959;;10.6792;10.6525;10.6792;28-Oct-2011
109213;Aditya Birla Sun Life Short Term Fund-Institutional Growth Plan;INF209K01967;;11.8102;11.7807;11.8102;28-Oct-2011
112357;Aditya Birla Sun Life Short Term Fund-Institutional Quarterly Dividend Plan;INF209K01BV1;;10.0085;9.9835;10.0085;28-Oct-2011

Axis Mutual Fund
112354;Axis Short Term Fund - Regular Plan - Growth Option;INF846K01644;;11.1938;11.1378;11.1938;28-Oct-2011
112355;Axis Short Term Fund - Regular Plan - Monthly IDCW;INF846K01651;INF846K01669;10.0188;9.9687;10.0188;28-Oct-2011
112369;Axis Short Term Fund - Regular Plan - Weekly IDCW;INF846K01677;INF846K01685;10.0395;9.9893;10.0395;28-Oct-2011
112721;Axis Short Term Fund - Retail Plan - Growth Option;INF846K01594;;11.1194;11.0638;11.1194;28-Oct-2011
112723;Axis Short Term Fund - Retail Plan - Monthly IDCW;INF846K01602;INF846K01610;10.0338;9.9836;10.0338;28-Oct-2011
112722;Axis Short Term Fund - Retail Plan - Weekly IDCW;INF846K01628;INF846K01636;10.0689;10.0186;10.0689;28-Oct-2011

Bandhan Mutual Fund
108713;BANDHAN Bond Fund - Short Term - Regular Plan - Fortnightly IDCW;INF194K01HK5;INF194K01HJ7;10.2398;10.2398;10.2398;28-Oct-2011
108716;BANDHAN Bond Fund - Short Term Plan - Plan B - Fortnightly Dividend;INF194K01HR0;INF194K01HQ2;10.9158;10.9158;10.9158;28-Oct-2011
108714;BANDHAN Bond Fund - Short Term Plan - Plan C  - Fortnightly Dividend;INF194K01HV2;INF194K01HU4;10.1210;10.1210;10.1210;28-Oct-2011
108717;BANDHAN Bond Fund - Short Term Plan - Plan C  - Growth;INF194K01HT6;;11.8577;11.8577;11.8577;28-Oct-2011
108718;BANDHAN Bond Fund - Short Term Plan - Plan C  - Monthly Dividend;INF194K01HY6;INF194K01HX8;10.6093;10.6093;10.6093;28-Oct-2011
108719;BANDHAN Bond Fund - Short Term Plan - Plan D - Growth;INF194K01IA4;;13.7118;13.7118;13.7118;28-Oct-2011
108720;BANDHAN Bond Fund - Short Term Plan - Plan D - Monthly Dividend;INF194K01IF3;INF194K01IE6;10.9574;10.9574;10.9574;28-Oct-2011
108715;BANDHAN Bond Fund - Short Term Plan - Plan D- Fortnightly Dividend;INF194K01IC0;INF194K01IB2;10.8691;10.8691;10.8691;28-Oct-2011

Bank of India Mutual Fund
111586;BANK OF INDIA Short Term Income Fund-Institutional Plan- Growth;INF761K01512;;11.6013;11.5433;11.6013;28-Oct-2011
111587;BANK OF INDIA Short Term Income Fund-Institutional Plan-Weekly Dividend;INF761K01561;;10.0673;10.0170;10.0673;28-Oct-2011
111585;BANK OF INDIA Short Term Income Fund-Regular Plan- Growth;INF761K01579;;11.5010;11.4435;11.5010;28-Oct-2011
111589;BANK OF INDIA Short Term Income Fund-Regular Plan- Monthly IDCW;INF761K01595;INF761K01587;10.2989;10.2474;10.2989;28-Oct-2011
111590;BANK OF INDIA Short Term Income Fund-Regular Plan- Quarterly IDCW;INF761K01611;INF761K01603;10.2856;10.2342;10.2856;28-Oct-2011

Baroda BNP Paribas Mutual Fund
113036;Baroda BNP Paribas Short Duration Fund - Regular Plan - Growth Option;INF955L01153;;10.8220;10.8112;10.8220;28-Oct-2011
113037;Baroda BNP Paribas Short Duration Fund - Regular Plan - Monthly IDCW Option;INF955L01138;INF955L01146;10.1911;10.1809;10.1911;28-Oct-2011

BNP Paribas Mutual Fund
113550;BNP PARIBAS Short Term  Fund-Institutional Plan-Growth Option;;;11.7881;11.7881;11.7881;28-Oct-2011
113552;BNP PARIBAS Short Term  Fund-Institutional Plan-Weekly Dividend Option;;;10.0450;10.0450;10.0450;28-Oct-2011
113551;BNP PARIBAS Short Term Fund-Institutional Plan-Daily Dividend Option;;;10.0327;10.0327;10.0327;28-Oct-2011
113546;BNP PARIBAS Short Term Fund-Institutional Plan-Monthly Dividend Option;;;10.0821;10.0821;10.0821;28-Oct-2011
113559;BNP PARIBAS Short Term Fund-Institutional Plan-Quarterly Dividend Option;;;10.1199;10.1199;10.1199;28-Oct-2011
113554;BNP PARIBAS Short Term Fund-Institutional Plus Plan-Daily Dividend Option;;INF251K01DF2;0.0000;0.0000;0.0000;28-Oct-2011
113553;BNP PARIBAS Short Term Fund-Institutional Plus Plan-Growth Option;INF251K01DE5;;0.0000;0.0000;0.0000;28-Oct-2011
113555;BNP PARIBAS Short Term Fund-Institutional Plus Plan-Monthly Dividend Option;INF251K01DH8;INF251K01DI6;0.0000;0.0000;0.0000;28-Oct-2011
113558;BNP PARIBAS Short Term Fund-Institutional Plus Plan-Quarterly Dividend Option;INF251K01DJ4;INF251K01DK2;0.0000;0.0000;0.0000;28-Oct-2011
113556;BNP PARIBAS Short Term Fund-Institutional Plus Plan-Weekly Dividend Option;;INF251K01DG0;0.0000;0.0000;0.0000;28-Oct-2011
113547;BNP PARIBAS Short Term Fund-Regular Plan-Growth Option;INF251K01CR9;;15.8725;15.8725;15.8725;28-Oct-2011
113548;BNP PARIBAS Short Term Fund-Regular Plan-Monthly Income Distribution cum Capital Withdrawal Option;INF251K01CT5;INF251K01CU3;10.0801;10.0801;10.0801;28-Oct-2011
113557;BNP PARIBAS Short Term Fund-Regular Plan-Quarterly Income Distribution cum Capital Withdrawal Option;INF251K01CV1;INF251K01CW9;10.1184;10.1184;10.1184;28-Oct-2011
113549;BNP PARIBAS Short Term Fund-Regular Plan-Weekly Income Distribution cum Capital Withdrawal Option;;INF251K01CS7;10.0271;10.0271;10.0271;28-Oct-2011

Canara Robeco Mutual Fund
115077;CANARA ROBECO SHORT DURATION FUND - REGULAR PLAN - GROWTH OPTION;INF760K01BM2;;10.4056;10.4056;10.4056;28-Oct-2011
115078;CANARA ROBECO SHORT DURATION FUND - REGULAR PLAN - MONTHLY IDCW (Payout/Reinvestment);INF760K01BO8;INF760K01BN0;10.4058;10.4058;10.4058;28-Oct-2011
115079;CANARA ROBECO SHORT DURATION FUND - REGULAR PLAN - QUARTERLY IDCW (Payout/Reinvestment);INF760K01BQ3;INF760K01BP5;10.4056;10.4056;10.4056;28-Oct-2011

DSP Mutual Fund
101306;DSP Short Term Fund - IDCW - Monthly;INF740K01664;INF740K01AG8;10.8795;10.8251;10.8795;28-Oct-2011
101304;DSP Short Term Fund - Regular Plan - Growth;INF740K01656;;17.5918;17.5038;17.5918;28-Oct-2011
101305;DSP Short Term Fund - Regular Plan - IDCW;INF740K01649;INF740K01AF0;11.0167;10.9616;11.0167;28-Oct-2011
101303;DSP Short Term Fund - Regular Plan - Regular Plan - IDCW - Weekly;INF740KA1PF4;;10.1800;10.1291;10.1800;28-Oct-2011

Franklin Templeton Mutual Fund
101236;Franklin India Short Term Income Plan -  Retail Plan - Monthly - IDCW;INF090I01338;INF090I01346;1155.1470;1149.3713;1155.1470;28-Oct-2011
101238;Franklin India Short Term Income Plan -  Retail Plan - Quarterly - IDCW;INF090I01312;INF090I01320;1134.8166;1129.1425;1134.8166;28-Oct-2011
101242;Franklin India Short Term Income Plan -  Retail Plan - Weekly - IDCW;INF090I01353;;1076.3285;1070.9469;1076.3285;28-Oct-2011
101232;Franklin India Short-Term Income Plan-Growth;INF090I01304;;2059.7970;2049.4980;2059.7970;28-Oct-2011
101244;Franklin India Short-Term Income Plan-Institutional Plan - Growth;INF090I01361;;1657.4251;1649.1380;1657.4251;28-Oct-2011
101246;Franklin India Short-Term Income Plan-Institutional Plan - Monthly Dividend;INF090I01387;INF090I01395;1190.1291;1184.1785;1190.1291;28-Oct-2011
101237;Franklin India Short-Term Income Plan-Weekly Bonus;INF090I01DY9;;1135.1877;1129.5118;1135.1877;28-Oct-2011
101245;Templeton India Short-Term Income Plan-Institutional Plan - Weekly Dividend;;INF090I01379;1013.4047;1008.3377;1013.4047;28-Oct-2011

HDFC Mutual Fund
113048;HDFC Short Term  Debt Fund - Fortnightly IDCW Option;INF179K01CV4;INF179K01CW2;10.0271;10.002;10.0271;28-Oct-2011
113047;HDFC Short Term  Debt Fund - Growth Option;INF179K01CU6;;11.1306;11.1028;11.1306;28-Oct-2011

HSBC Mutual Fund
101597;HSBC Income Fund - Short Term - Inst. - Growth;INF336L01966;;13.7473;13.6786;13.7473;28-Oct-2011
108363;HSBC Income Fund - Short Term - Inst. Plus - Growth;INF336L01925;;0.0000;0.0000;0.0000;28-Oct-2011
108253;HSBC Income Fund Short Term Instl Plus Monthly IDCW;INF336L01941;INF336L01933;10.0836;10.0332;10.0836;28-Oct-2011
108254;HSBC Income Fund Short Term Instl Plus Weekly IDCW;;INF336L01958;10.0753;10.0249;10.0753;28-Oct-2011
101598;HSBC Income Fund-Short Term-Institutional-IDCW;INF336L01974;INF336L01AB4;10.5628;10.5100;10.5628;28-Oct-2011
104429;HSBC Short Duration Fund - Closed (Direct - Monthly IDCW);;INF336L01982;10.1767;10.1258;10.1767;28-Oct-2011
101600;HSBC Short Duration Fund - Closed (Monthly IDCW);INF336L01990;INF336L01AA6;11.0075;10.9525;11.0075;28-Oct-2011
104430;HSBC Short Duration Fund - Institutional-Weekly IDCW;;INF336L01AC2;10.6203;10.5672;10.6203;28-Oct-2011
101599;HSBC Short Duration Fund - Regular Growth;INF336L01917;;17.3310;17.2443;17.3310;28-Oct-2011

ICICI Prudential Mutual Fund
101758;ICICI Prudential Short Term Fund - Growth Option;INF109K01654;;21.0181;21.0181;21.0181;28-Oct-2011
101759;ICICI Prudential Short Term Fund - Reinvestment of IDCW Fortnightly;INF109KB12M9;INF109K01662;11.8973;11.8973;11.8973;28-Oct-2011
101165;ICICI Prudential Short Term Fund - Monthly IDCW;INF109K01WL0;INF109K01647;11.8693;11.8693;11.8693;28-Oct-2011
101229;ICICI Prudential Short Term Fund - Institutional Plan - Dividend Monthly;INF109K01WK2;INF109K01670;12.2395;12.2395;12.2395;28-Oct-2011
101231;ICICI Prudential Short Term Fund-Institutional Growth;INF109K01696;;21.4486;21.4486;21.4486;28-Oct-2011
101230;ICICI Prudential Short Term Fund-Institutional Plan-Dividend Fortnightly;INF109K01688;;12.2173;12.2173;12.2173;28-Oct-2011

IDBI Mutual Fund
115005;IDBI Short Term Bond Fund Growth;INF397L01463;;10.5109;10.4583;10.5109;28-Oct-2011
114999;IDBI Short Term Bond Fund Monthly IDCW;INF397L01406;INF397L01414;10.0340;9.9838;10.0340;28-Oct-2011
115000;IDBI Short Term Bond Fund Weekly IDCW;INF397L01430;INF397L01448;10.0237;9.9736;10.0237;28-Oct-2011

Invesco Mutual Fund
105185;Invesco India Short Duration Fund - Growth;INF205K01UN6;;13.8166;13.7821;13.8166;28-Oct-2011
105191;Invesco India Short Duration Fund - Monthly IDCW (Payout / Reinvestment);INF205K01UO4;INF205K01UP1;10.5436;10.5172;10.5436;28-Oct-2011
105189;Invesco India Short Duration Fund - Plan B - Growth;INF205K01UR7;;13.9303;13.8955;13.9303;28-Oct-2011
105187;Invesco India Short Duration Fund - Plan B - Monthly IDCW (Payout / Reinvestment);INF205K01US5;INF205K01UT3;10.7629;10.7360;10.7629;28-Oct-2011
105192;Invesco India Short Duration Fund - Plan B - Weekly IDCW (Reinvestment);;INF205K01UU1;10.1644;10.1390;10.1644;28-Oct-2011
105190;Invesco India Short Duration Fund - Weekly IDCW (Reinvestment);;INF205K01UV9;10.1919;10.1664;10.1919;28-Oct-2011
105186;Invesco India Short Term Fund- Plan B - Daily Dividend;;INF205K01UQ9;10.3180;10.2922;10.3180;28-Oct-2011

JM Financial Mutual Fund
115103;JM Short Term Fund - Daily Dividend Option;;INF192K01BD7;10.0068;10.0068;10.0068;28-Oct-2011
101524;JM Short Term Fund - Dividend Option;INF192K01BE5;INF192K01BF2;10.4967;10.4967;10.4967;28-Oct-2011
101521;JM Short Term Fund - Growth Option;INF192K01BG0;;14.6658;14.6658;14.6658;28-Oct-2011
115090;JM Short Term Fund - Regular Plan - Daily Dividend Option;;INF192K01AZ2;10.0055;10.0055;10.0055;28-Oct-2011
101519;JM Short Term Fund - Regular Plan - Dividend Option;INF192K01BA3;INF192K01BB1;11.5633;11.5633;11.5633;28-Oct-2011
101520;JM Short Term Fund - Regular Plan - Growth Option;INF192K01BC9;;20.2558;20.2558;20.2558;28-Oct-2011

Kotak Mahindra Mutual Fund
101373;Kotak Bond Short Term Plan-(Growth);INF174K01ES7;;19.3791;19.2822;19.3791;28-Oct-2011
101372;Kotak Bond Short Term Plan-(Payout of Income Distribution cum capital withdrawal option);INF174K01EU3;INF174K01ET5;10.0925;10.042;10.0925;28-Oct-2011

Navi Mutual Fund
113173;Essel Short Term Fund-Dividend Option-Monthly Dividend;INF959L01148;INF959L01155;10.8567;10.8024;10.8567;28-Oct-2011
113211;Essel Short Term Fund-Dividend Option-Quarterly Dividend;INF959L01163;INF959L01171;11.2417;11.1855;11.2417;28-Oct-2011
113172;Essel Short Term Fund-Growth;INF959L01189;;11.3912;11.3342;11.3912;28-Oct-2011

Nippon India Mutual Fund
101667;NIPPON INDIA SHORT TERM FUND - MONTHLY IDCW Option;INF204K01FM2;INF204K01FN0;10.6686;10.6686;10.6686;28-Oct-2011
101669;NIPPON INDIA SHORT TERM FUND - QUARTERLY IDCW OPTION;INF204K01FO8;INF204K01FP5;13.5197;13.5197;13.5197;28-Oct-2011
101665;Nippon India Short Term Fund-Growth Plan;INF204K01FL4;;19.1270;19.1270;19.1270;28-Oct-2011

Principal Mutual Fund
101466;Principal Short Term Debt Fund - Income Distribution CUM Capital Withdrawal Option - Monthly;INF173K01BB1;INF173K01BC9;12.156;12.156;12.156;28-Oct-2011
101465;Principal Short Term Debt Fund- Growth Plan;INF173K01BA3;;18.0427;18.0427;18.0427;28-Oct-2011

SBI Mutual Fund
106230;SBI Short Horizon Debt Fund - Short Term Fund - Retail Dividend - Fortnightly Income Distribution cum Capital Withdrawal Option (IDCW);INF200K01IA9;INF200K01IB7;10.7035;10.6767;10.7035;28-Oct-2011
106229;SBI Short Horizon Debt Fund - Short Term Fund - Retail Dividend - Monthly Income Distribution cum Capital Withdrawal Option (IDCW);INF200K01IC5;INF200K01ID3;10.5754;10.549;10.5754;28-Oct-2011
106228;SBI Short Horizon Debt Fund - Short Term Fund - Retail Dividend - Weekly Income Distribution cum Capital Withdrawal Option (IDCW);INF200K01IE1;INF200K01IF8;10.6614;10.6347;10.6614;28-Oct-2011
106227;SBI SHORT HORIZON DEBT FUND-SHORT TERM FUND - RETAIL - GROWTH;INF200K01IG6;;13.3375;13.3042;13.3375;28-Oct-2011
106233;SBI Short Term Debt Fund - Regular Plan - Monthly Income Distribution cum Capital Withdrawal Option (IDCW);INF200K01HV7;INF200K01HW5;11.0102;10.9827;11.0102;28-Oct-2011
106231;SBI SHORT TERM DEBT FUND - REGULAR PLAN -GROWTH;INF200K01HZ8;;11.7593;11.7299;11.7593;28-Oct-2011
106234;SBI Short Term Debt Fund - Regular Plan Fortnightly Income Distribution cum Capital Withdrawal Option (IDCW);INF200K01HT1;INF200K01HU9;N.A.;N.A.;N.A.;28-Oct-2011
106232;SBI Short Term Debt Fund - Regular Plan Weekly Income Distribution cum Capital Withdrawal Option (IDCW);INF200K01HX3;INF200K01HY1;10.286;10.2603;10.286;28-Oct-2011

Sundaram Mutual Fund
101572;Sundaram Seleic Asset Plan-Half-yearly Dividendct  Debt-Dynam;;;0.0000;0.0000;0.0000;28-Oct-2011
101562;Sundaram Short Term Debt Fund Regular Plan - Annual Payout of Income Distribution cum Capital Withdrawal (IDCW);INF903J01FM1;;12.6359;12.6359;12.6359;28-Oct-2011
101565;Sundaram Short Term Debt Fund Regular Plan - Fortnightly Income Distribution cum Capital Withdrawal (IDCW);INF903J01FI9;INF903J01FO7;12.2137;12.2137;12.2137;28-Oct-2011
101563;Sundaram Short Term Debt Fund Regular Plan - Growth;INF903J01FG3;;17.3770;17.3770;17.3770;28-Oct-2011
101561;Sundaram Short Term Debt Fund Regular Plan - Half yearly Payout of Income Distribution cum Capital Withdrawal (IDCW);INF903J01FL3;;12.5839;12.5839;12.5839;28-Oct-2011
101566;Sundaram Short Term Debt Fund Regular Plan - Monthly Income Distribution cum Capital Withdrawal (IDCW);INF903J01FJ7;INF903J01FP4;11.7159;11.7159;11.7159;28-Oct-2011
101560;Sundaram Short Term Debt Fund Regular Plan - Quarterly Payout of Income Distribution cum Capital Withdrawal (IDCW);INF903J01FK5;;12.9798;12.9798;12.9798;28-Oct-2011
101564;Sundaram Short Term Debt Fund Regular Plan - Weekly Income Distribution cum Capital Withdrawal (IDCW);INF903J01FH1;INF903J01FN9;12.2025;12.2025;12.2025;28-Oct-2011

Tata Mutual Fund
101548;Tata Short Term Bond Fund -Regular Plan- Growth Option;INF277K01972;;18.9922;18.9447;18.9922;28-Oct-2011
101547;Tata Short Term Bond Fund- Regular Plan - Monthly Payout of IDCW Option;INF277K01EI9;INF277K01964;12.3069;12.2761;12.3069;28-Oct-2011

Taurus Mutual Fund
101113;Taurus Short Term Income Fund- Regular Plan - Dividend Option;INF044D01583;INF044D01591;1527.8933;1524.0736;1527.8933;28-Oct-2011
101114;Taurus Short Term Income Fund- Regular Plan - Growth Option;INF044D01617;;1764.7812;1760.3692;1764.7812;28-Oct-2011
111438;Taurus Ultra Short Term Bond  Fund - Retail Weekly Dividend Option  #;;INF044D01658;1001.3541;1001.3541;1001.3541;28-Oct-2011
111441;Taurus Ultra Short Term Bond Fund - Institutional Daily Div;;INF044D01674;1001.7367;1001.7367;1001.7367;28-Oct-2011
111439;Taurus Ultra Short Term Bond Fund - Institutional Growth;INF044D01666;;1212.4146;1212.4146;1212.4146;28-Oct-2011
111442;Taurus Ultra Short Term Bond Fund - Institutional Weekly Div;;INF044D01690;1001.3480;1001.3480;1001.3480;28-Oct-2011
111445;Taurus Ultra Short Term Bond Fund - Regular Plan - SI Daily Dividend Option;;INF044D01716;1001.7390;1001.7390;1001.7390;28-Oct-2011
111443;Taurus Ultra Short Term Bond Fund - Regular Plan - SI Growth Option;INF044D01708;;1217.8512;1217.8512;1217.8512;28-Oct-2011
111446;Taurus Ultra Short Term Bond Fund - Regular Plan - SI Weekly Dividend Option;;INF044D01724;1000.9677;1000.9677;1000.9677;28-Oct-2011
111435;Taurus Ultra Short Term Bond Fund - Retail Growth Option #;INF044D01625;;1204.7909;1204.7909;1204.7909;28-Oct-2011
111437;Taurus Ultra Short Term Bond Fund - Retails Daily Dividend Option #;;INF044D01633;1001.7360;1001.7360;1001.7360;28-Oct-2011

UTI Mutual Fund
106383;UTI Short Duration Fund - Discontinued Regular Option - Dividend Sub Option;INF789F01AH3;INF789F01AI1;12.5861;12.5861;12.5861;28-Oct-2011
106384;UTI Short Duration Fund - Discontinued Regular Option -Growth Sub Option;INF789F01AJ9;;17.6567;17.6567;17.6567;28-Oct-2011
106624;UTI Short Duration Fund - Regular Plan - Growth Option;INF789F01QA4;;11.9893;11.9893;11.9893;28-Oct-2011
106980;UTI Short Duration Fund - Regular Plan - Quarterly IDCW;INF789FC1GD5;INF789FA1R58;10.5297;10.5297;10.5297;28-Oct-2011

Open Ended Schemes ( Debt Scheme - Medium Duration Fund )


Aditya Birla Sun Life Mutual Fund
111803;Aditya Birla Sun Life Medium Term Plan - Growth - Regular Plan;INF209K01603;;11.9137;11.8839;11.9137;28-Oct-2011
111813;Aditya Birla Sun Life Medium Term Plan - Institutional - Dividend Plan;INF209K01652;INF209K01LJ5;10.2065;10.1810;10.2065;28-Oct-2011
111804;Aditya Birla Sun Life Medium Term Plan - Institutional - Growth Plan;INF209K01660;;11.5635;11.5346;11.5635;28-Oct-2011
111816;Aditya Birla Sun Life Medium Term Plan - Institutional - Half Yearly Dividend Plan;INF209K01645;INF209K01LI7;10.2384;10.2128;10.2384;28-Oct-2011
111810;Aditya Birla Sun Life Medium Term Plan - Institutional - Quarterly Dividend Plan;INF209K01678;;10.0460;10.0209;10.0460;28-Oct-2011
111811;Aditya Birla Sun Life Medium Term Plan - REGULAR - HALFYEARLY IDCW;INF209K01595;INF209K01CZ0;10.2364;10.2108;10.2364;28-Oct-2011
111812;Aditya Birla Sun Life Medium Term Plan - Regular - IDCW;INF209K01611;INF209K01DA1;10.2490;10.2234;10.2490;28-Oct-2011
111809;Aditya Birla Sun Life Medium Term Plan - REGULAR - Quarterly IDCW;INF209K01637;INF209KB1OJ2;10.0459;10.0208;10.0459;28-Oct-2011

Bandhan Mutual Fund
108730;BANDHAN Bond Fund - Medium Term - Regular Plan - Bi-Monthly IDCW;INF194K01KF9;INF194K01KE2;10.6313;10.6313;10.6313;28-Oct-2011
108731;BANDHAN Bond Fund - Medium Term - Regular Plan - Daily IDCW;INF194K01JW6;INF194K01JV8;10.1070;10.1070;10.1070;28-Oct-2011
108729;BANDHAN Bond Fund - Medium Term - Regular Plan - Fortnightly IDCW;INF194K01KI3;INF194K01KH5;10.0899;10.0899;10.0899;28-Oct-2011
108728;BANDHAN Bond Fund - Medium Term - Regular Plan - Growth;INF194K01JU0;;17.4621;17.4621;17.4621;28-Oct-2011
113169;BANDHAN Bond Fund - Medium Term - Regular Plan - IDCW Quarterly;INF194K01JZ9;INF194K01JY2;10.1650;10.1650;10.1650;28-Oct-2011
108727;BANDHAN Bond Fund - Medium Term - Regular Plan - Monthly IDCW;INF194K01KC6;INF194K01KB8;10.1544;10.1544;10.1544;28-Oct-2011

DSP Mutual Fund
100078;DSP Bond Fund - Growth;INF740K01557;;32.7315;32.5678;32.7315;28-Oct-2011
100077;DSP Bond Fund - IDCW;INF740K01565;INF740K01995;10.9300;10.8754;10.9300;28-Oct-2011
100079;DSP Bond Fund - IDCW - Monthly;INF740K01573;INF740K01AA1;11.1385;11.0828;11.1385;28-Oct-2011

Franklin Templeton Mutual Fund
112304;Franklin India Income Opportunities Fund - Growth;INF090I01445;;11.5742;11.2270;11.5742;28-Oct-2011
112305;Franklin India Income Opportunities Fund - IDCW ;INF090I01452;INF090I01460;10.4786;10.1642;10.4786;28-Oct-2011

HDFC Mutual Fund
101990;HDFC Medium Term Debt Fund - Fornightly IDCW Option;INF179K01897;INF179K01905;10.58;10.5536;10.58;28-Oct-2011
101989;HDFC Medium Term Debt Fund - Growth Option;INF179K01913;;20.2777;20.227;20.2777;28-Oct-2011

ICICI Prudential Mutual Fund
102742;ICICI Prudential Medium Term Bond Fund - Dividend;INF109K01UE9;INF109K01AG6;10.3141;10.2625;10.3141;28-Oct-2011
102741;ICICI Prudential Medium Term Bond Fund - Growth;INF109K01AH4;;15.7734;15.6945;15.7734;28-Oct-2011
113137;ICICI Prudential Medium Term Bond Fund - Quarterly IDCW;INF109K01UF6;INF109K01IO3;10.1734;10.1734;10.1734;28-Oct-2011
113080;ICICI Prudential Medium Term Bond Fund Plan A - Weekly Dividend;INF109K01UD1;INF109K01IP0;10.0459;10.0459;10.0459;28-Oct-2011
113138;ICICI Prudential Medium Term Bond Fund Plan B - Quarterly Dividend;INF109K01UI0;INF109K01IQ8;10.0278;10.0278;10.0278;28-Oct-2011
113136;ICICI Prudential Medium Term Bond Fund Plan C - Quarterly Dividend;INF109K01UO8;INF109K01UN0;10.0399;10.0399;10.0399;28-Oct-2011
113079;ICICI Prudential Medium Term Bond Fund Plan C - Weekly Dividend;INF109K01UK6;INF109K01UJ8;10.0633;10.0633;10.0633;28-Oct-2011
102744;ICICI Prudential Medium Term Bond Fund-Plan B-Dividend;INF109K01UH2;INF109K01AI2;10.0449;10.0449;10.0449;28-Oct-2011
102743;ICICI Prudential Medium Term Bond Fund-Plan B-Growth;INF109K01AJ0;;16.2775;16.2775;16.2775;28-Oct-2011
113081;ICICI Prudential Medium Term Bond Fund-Plan B-Weekly Dividend;INF109K01UG4;INF109K01IR6;10.0539;10.0539;10.0539;28-Oct-2011
102745;ICICI Prudential Medium Term Bond Fund-Plan C-Growth;INF109K01AK8;;10.2174;10.2174;10.2174;28-Oct-2011

SBI Mutual Fund
102053;SBI MAGNUM MEDIUM DURATION FUND - REGULAR PLAN - GROWTH;INF200K01719;;16.6808;16.514;16.6808;28-Oct-2011
102054;SBI Magnum Medium Duration Fund - Regular Plan - Income Distribution cum Capital Withdrawal Option (IDCW);INF200K01727;INF200K01735;10.6847;10.5779;10.6847;28-Oct-2011

Sundaram Mutual Fund
100607;Sundaram Medium Duration Fund (Formerly Known as Sundaram Medium Term Bond Fund) Institutional Plan - Annual Income Distribution cum Capital Withdrawal (IDCW);INF903J01GB2;INF903J01GE6;0.0000;0.0000;0.0000;28-Oct-2011
100611;Sundaram Medium Duration Fund (Formerly Known as Sundaram Medium Term Bond Fund) Institutional Plan - Bonus;INF903J01GF3;;15.4506;15.4506;15.4506;28-Oct-2011
100608;Sundaram Medium Duration Fund (Formerly Known as Sundaram Medium Term Bond Fund) Institutional Plan - Growth;INF903J01FY6;;33.0647;33.0647;33.0647;28-Oct-2011
100606;Sundaram Medium Duration Fund (Formerly Known as Sundaram Medium Term Bond Fund) Institutional Plan- Half Yearly Income Distribution cum Capital Withdrawal (IDCW);INF903J01GA4;INF903J01GD8;0.0000;0.0000;0.0000;28-Oct-2011
100605;Sundaram Medium Duration Fund (Formerly Known as Sundaram Medium Term Bond Fund) Institutional Plan- Quarterly Income Distribution cum Capital Withdrawal (IDCW);INF903J01FZ3;INF903J01GC0;0.0000;0.0000;0.0000;28-Oct-2011
100610;Sundaram Medium Duration Fund (Formerly Known as Sundaram Medium Term Bond Fund) Regular Plan - Annual Income Distribution cum Capital Withdrawal (IDCW);INF903J01FT6;INF903J01FW0;10.9511;10.9511;10.9511;28-Oct-2011
100604;Sundaram Medium Duration Fund (Formerly Known as Sundaram Medium Term Bond Fund) Regular Plan - Bonus;INF903J01FX8;;15.4296;15.4296;15.4296;28-Oct-2011
100603;Sundaram Medium Duration Fund (Formerly Known as Sundaram Medium Term Bond Fund) Regular Plan - Growth;INF903J01FQ2;;29.2848;29.2848;29.2848;28-Oct-2011
100609;Sundaram Medium Duration Fund (Formerly Known as Sundaram Medium Term Bond Fund) Regular Plan- Half Yearly Income Distribution cum Capital Withdrawal (IDCW);INF903J01FS8;INF903J01FV2;11.0448;11.0448;11.0448;28-Oct-2011
100602;Sundaram Medium Duration Fund (Formerly Known as Sundaram Medium Term Bond Fund) Regular Plan- Quarterly Income Distribution cum Capital Withdrawal (IDCW);INF903J01FR0;INF903J01FU4;10.8237;10.8237;10.8237;28-Oct-2011

Tata Mutual Fund
101703;Tata Medium Term Fund -Regular Plan - Growth Option;INF277K01717;;16.0781;15.9173;16.0781;28-Oct-2011
101605;Tata Medium Term Fund- Regular Plan - Payout of IDCW option;INF277K01DW2;INF277K01709;11.4659;11.3512;11.4659;28-Oct-2011
101704;Tata Medium Term Fund B - Growth Option;INF277K01733;;16.1219;15.9607;16.1219;28-Oct-2011
101606;Tata Medium Term Fund B - Income / Bonus Option;INF277K01DX0;;11.4810;11.3662;11.4810;28-Oct-2011

Open Ended Schemes ( Debt Scheme - Medium to Long Duration Fund )


Aditya Birla Sun Life Mutual Fund
111777;Aditya Birla Sun Life Income Fund (Discipline Advantage Plan);INF209K01LD8;;11.4348;11.4062;11.4348;28-Oct-2011
100038;Aditya Birla Sun Life Income Fund - Growth - Regular Plan;INF209K01579;;45.3394;45.2261;45.3394;28-Oct-2011
100037;Aditya Birla Sun Life Income Fund - Regular - Quarterly IDCW;INF209K01587;INF209K01CY3;12.1085;12.0782;12.1085;28-Oct-2011

Bandhan Mutual Fund
108766;BANDHAN Bond Fund - Income Plan - Regular Plan - Annual IDCW;INF194K01IN7;INF194K01IM9;12.5438;12.5438;12.5438;28-Oct-2011
108765;BANDHAN Bond Fund - Income Plan - Regular Plan - Growth;INF194K01IL1;;24.0926;24.0926;24.0926;28-Oct-2011
108763;BANDHAN Bond Fund - Income Plan - Regular Plan - Half-yearly IDCW;INF194K01IQ0;INF194K01IP2;10.9726;10.9726;10.9726;28-Oct-2011
108764;BANDHAN Bond Fund - Income Plan - Regular Plan - Quarterly IDCW;INF194K01IT4;INF194K01IS6;11.1589;11.1589;11.1589;28-Oct-2011
108768;BANDHAN Bond Fund - Short Term - Regular Plan - Growth;INF194K01HF5;;21.1796;21.1796;21.1796;28-Oct-2011
108767;BANDHAN Bond Fund - Short Term - Regular Plan - Monthly IDCW;INF194K01HH1;INF194K01HG3;10.0654;10.0654;10.0654;28-Oct-2011

Bank of India Mutual Fund
111718;BANK OF INDIA Conservative Hybrid  Fund-ECO Plan-Quarterly IDCW;INF761K01439;INF761K01421;10.1209;10.0197;10.1209;28-Oct-2011
111719;BANK OF INDIA Conservative Hybrid Fund-ECO Plan-Annual Dividend;INF761K01371;INF761K01389;11.6605;11.5439;11.6605;28-Oct-2011
111715;BANK OF INDIA Conservative Hybrid Fund-ECO Plan-Growth;INF761K01397;;11.6605;11.5439;11.6605;28-Oct-2011
111717;BANK OF INDIA Conservative Hybrid Fund-ECO Plan-Monthly IDCW;INF761K01413;INF761K01405;10.7673;10.6596;10.7673;28-Oct-2011
111714;BANK OF INDIA Conservative Hybrid Fund-Regular Plan-Annual IDCW;INF761K01454;INF761K01447;11.5827;11.4669;11.5827;28-Oct-2011
111712;BANK OF INDIA Conservative Hybrid Fund-Regular Plan-Growth;INF761K01462;;11.5827;11.4669;11.5827;28-Oct-2011
111716;BANK OF INDIA Conservative Hybrid Fund-Regular Plan-Monthly IDCW;INF761K01488;INF761K01470;10.3837;10.2799;10.3837;28-Oct-2011
111713;BANK OF INDIA Conservative Hybrid Fund-Regular Plan-Quarterly IDCW;INF761K01504;INF761K01496;10.5724;10.4667;10.5724;28-Oct-2011

Baroda BNP Paribas Mutual Fund
101155;BARODA INCOME FUND - Plan A - Dividend Option;INF955L01211;INF955L01229;15.9822;15.8224;15.9822;28-Oct-2011
101154;BARODA INCOME FUND - Plan A - Growth Option;INF955L01237;;15.9822;15.8224;15.9822;28-Oct-2011

Canara Robeco Mutual Fund
101588;CANARA ROBECO INCOME FUND - REGULAR PLAN - GROWTH OPTION;INF760K01324;;21.4560;21.4560;21.4560;28-Oct-2011
101587;CANARA ROBECO INCOME FUND - REGULAR PLAN - QUARTERLY IDCW (Payout/Reinvestment);INF760K01340;INF760K01357;12.9753;12.9753;12.9753;28-Oct-2011
101589;Canara Robeco Income Fund-Bonus option;INF760K01365;;13.2453;13.2453;13.2453;28-Oct-2011

HDFC Mutual Fund
100124;HDFC Income Fund - Growth Option;INF179K01962;;23.1018;22.8708;23.1018;28-Oct-2011
100123;HDFC Income Fund - Quarterly IDCW Option;INF179K01947;INF179K01954;10.905;10.796;10.905;28-Oct-2011

HSBC Mutual Fund
101688;HSBC Income Fund - Investment - Inst. - Dividend;INF336L01834;INF336L01842;0.0000;0.0000;0.0000;28-Oct-2011
101687;HSBC Income Fund - Investment - Inst. - Growth;INF336L01826;;0.0000;0.0000;0.0000;28-Oct-2011
101685;HSBC Medium to Long Duration Fund - Regular Growth;INF336L01776;;17.5887;17.5008;17.5887;28-Oct-2011
101686;HSBC Medium to Long Duration Fund - Regular Quarterly IDCW;INF336L01784;INF336L01792;11.1192;11.0636;11.1192;28-Oct-2011

ICICI Prudential Mutual Fund
109740;ICICI Prudential Bond Fund - Growth;INF109K01BO8;;13.8298;13.8298;13.8298;28-Oct-2011
109741;ICICI Prudential Bond Fund - IDCW Monthly;INF109K01EU9;INF109K01BP5;11.0894;11.0894;11.0894;28-Oct-2011
109743;ICICI Prudential Bond Fund - IDCW Quarterly;INF109K01EV7;INF109K01BS9;10.5307;10.5307;10.5307;28-Oct-2011
109742;ICICI Prudential Bond Fund- Institutional Growth;INF109K01BQ3;;12.0488;12.0488;12.0488;28-Oct-2011
109744;ICICI Prudential Bond Fund- Institutional Monthly Dividend;INF109K01ES3;INF109K01BR1;10.3231;10.3231;10.3231;28-Oct-2011
109745;ICICI Prudential Bond Fund- Institutional Quarterly Dividend;INF109K01ET1;INF109K01BT7;10.8776;10.8776;10.8776;28-Oct-2011

JM Financial Mutual Fund
100223;JM Medium to Long Duration Fund (Regular) - Growth Option;INF192K01AB3;;30.5214;30.5214;30.5214;28-Oct-2011
100222;JM Medium to Long Duration Fund (Regular) - Quarterly IDCW;INF192K01999;INF192K01AA5;10.7983;10.7983;10.7983;28-Oct-2011
101181;JM Medium to Long Duration Fund (Regular) - Bonus Option- Principal Units;INF192K01AC1;;12.4866;12.4866;12.4866;28-Oct-2011

Kotak Mahindra Mutual Fund
100300;Kotak Bond Fund - Regular Plan - Standard IDCW Option;INF174K01EQ1;INF174K01EP3;18.9823;18.7925;18.9823;28-Oct-2011
100299;Kotak Bond Fund - Regular Plan Growth;INF174K01EM0;;28.4029;28.1189;28.4029;28-Oct-2011
100301;Kotak Bond Regular Plan Bonus Plan;INF174K01ER9;;18.9323;18.743;18.9323;28-Oct-2011
100298;Kotak Bond Regular Plan Quaterly Payout of Income Distribution cum capital withdrawal option;INF174K01EO6;INF174K01EN8;10.3535;10.25;10.3535;28-Oct-2011
100291;Kotak Bond-Deposit-Dividend;INF174K01EK4;INF174K01EL2;12.0649;11.9443;12.0649;28-Oct-2011
100292;Kotak Bond-Deposit-Growth;INF174K01EJ6;;26.492;26.2271;26.492;28-Oct-2011

LIC Mutual Fund
100315;LIC MF Medium to Long Duration Bond Fund-Regular Plan-Growth;INF767K01923;;29.0918;28.8009;29.0918;28-Oct-2011
100314;LIC MF Medium to Long Duration Bond Fund-Regular Plan-IDCW;INF767K01907;INF767K01915;11.5186;11.4034;11.5186;28-Oct-2011

Nippon India Mutual Fund
100386;NIPPON INDIA INCOME FUND - ANNUAL IDCW Option;INF204K01CT4;INF204K01CU2;12.5213;12.3961;12.5213;28-Oct-2011
100388;Nippon India Income Fund - Growth Plan Bonus Option;INF204K01CM9;;15.5108;15.3557;15.5108;28-Oct-2011
100387;Nippon India Income Fund - Growth Plan Growth Option;INF204K01CL1;;32.9082;32.5791;32.9082;28-Oct-2011
100385;NIPPON INDIA INCOME FUND - HALF YEARLY IDCW Option;INF204K01CR8;INF204K01CS6;11.8916;11.7727;11.8916;28-Oct-2011
100383;NIPPON INDIA INCOME FUND - MONTHLY IDCW Option;INF204K01CN7;INF204K01CO5;10.1382;10.0368;10.1382;28-Oct-2011
100384;NIPPON INDIA INCOME FUND - QUARTERLY IDCW Option;INF204K01CP2;INF204K01CQ0;13.1089;12.9778;13.1089;28-Oct-2011

SBI Mutual Fund
100638;SBI Magnum Income Fund - Regular Plan - Half Yearly - Income Distribution cum Capital Withdrawal Option (IDCW);INF200K01610;INF200K01628;10.8485;10.74;10.8485;28-Oct-2011
100640;SBI Magnum Income Fund-REGULAR PLAN-Bonus;INF200K01602;;14.8134;14.6653;14.8134;28-Oct-2011
100639;SBI Magnum Income Fund-REGULAR PLAN-Growth;INF200K01594;;24.4519;24.2074;24.4519;28-Oct-2011

Tata Mutual Fund
100418;Tata Income Fund -Regular Plan - Growth Option;INF277K01659;;30.7302;30.5765;30.7302;28-Oct-2011
101186;Tata Income Fund- Regular Plan - Periodic Payout of IDCW Option;INF277K01DT8;INF277K01667;17.8150;17.7259;17.8150;28-Oct-2011
100417;Tata Income Fund-Regular Plan - Half Yearly Payout of IDCW Option;INF277K01DU6;INF277K01675;11.1012;11.0457;11.1012;28-Oct-2011
101419;Tata Long Term Debt Fund - Regular Plan  -Bonus;INF277K01691;;15.3798;15.3029;15.3798;28-Oct-2011
100416;Tata Long Term Debt Fund - Regular Plan - Quarterly Dividend;INF277K01DV4;INF277K01683;10.2352;10.1840;10.2352;28-Oct-2011

UTI Mutual Fund
100742;UTI Medium to Long Duration Fund - Regular Plan - Quarterly IDCW;INF789F01380;INF789F01398;11.7242;11.7242;11.7242;28-Oct-2011
100741;UTI Medium to Long Duration Fund- Regular Plan - Growth;INF789F01406;;29.871;29.871;29.871;28-Oct-2011

Open Ended Schemes ( Debt Scheme - Long Duration Fund )


ICICI Prudential Mutual Fund
100365;ICICI Prudential Long Term Bond Fund - Growth;INF109K01365;;31.9379;31.7782;31.9379;28-Oct-2011
100364;ICICI Prudential Long Term Bond Fund - Half Yearly IDCW;INF109K01EX3;INF109K01357;11.4666;11.4093;11.4666;28-Oct-2011
100367;ICICI Prudential Long Term Bond Fund - Quarterly IDCW;INF109K01EZ8;INF109K01399;12.6089;12.5459;12.6089;28-Oct-2011
100366;ICICI Prudential Long Term Bond Fund-Institutional Quarterly Dividend;INF109K01EY1;INF109K01381;11.8263;11.7672;11.8263;28-Oct-2011
101642;ICICI Prudential Long Term Bond Fund - Institutional Dividend Halfyearly;INF109K01EW5;INF109K01373;11.0193;10.9642;11.0193;28-Oct-2011
101643;ICICI Prudential Long Term Bond Fund-Institutional Option-Growth;INF109K01407;;33.5481;33.3804;33.5481;28-Oct-2011

Open Ended Schemes ( Debt Scheme - Dynamic Bond )


Aditya Birla Sun Life Mutual Fund
102767;Aditya Birla Sun Life Dynamic Bond Fund - Growth - Regular Plan;INF209K01793;;17.2112;17.1251;17.2112;28-Oct-2011
111521;Aditya Birla Sun Life Dynamic Bond Fund -REGULAR - MONTHLY IDCW;INF209K01801;INF209K01DG8;10.5375;10.4848;10.5375;28-Oct-2011
102766;Aditya Birla Sun Life Dynamic Bond Fund -Regular - Quarterly IDCW;INF209K01819;INF209K01DH6;11.3606;11.3038;11.3606;28-Oct-2011
111848;Aditya Birla Sun Life Dynamic Bond Fund-Discipline Advantage Plan-Growth;INF209K01JW2;;11.9058;11.8463;11.9058;28-Oct-2011

Axis Mutual Fund
115068;Axis Dynamic Bond Fund - Regular Plan - Growth Option;INF846K01917;;10.3152;10.2378;10.3152;28-Oct-2011
115131;Axis Dynamic Bond Fund - Regular Plan - Half Yearly IDCW;INF846K01941;INF846K01958;10.0673;9.9918;10.0673;28-Oct-2011
115069;Axis Dynamic Bond Fund - Regular Plan - Quarterly IDCW;INF846K01925;INF846K01933;10.0659;9.9904;10.0659;28-Oct-2011

Bandhan Mutual Fund
111524;BANDHAN Dynamic Bond Fund - Regular Plan B - Growth;INF194K01QG4;;11.8054;11.8054;11.8054;28-Oct-2011
111523;BANDHAN Dynamic Bond Fund - Regular Plan B - IDCW;INF194K01QO8;INF194K01QN0;10.5091;10.5091;10.5091;28-Oct-2011

BNP Paribas Mutual Fund
113520;BNP PARIBAS  Flexi Debt Fund-Regular Plan-Daily Dividend Option;;;9.9769;9.9769;9.9769;28-Oct-2011
113531;BNP PARIBAS Flexi Debt Fund-Regular Plan - Monthly Dividend Option;;;9.9244;9.9244;9.9244;28-Oct-2011
113526;BNP PARIBAS Flexi Debt Fund-Regular Plan A - Growth Option;INF251K01EF0;;11.5948;11.5948;11.5948;28-Oct-2011
113532;BNP PARIBAS Flexi Debt Fund-Regular Plan A - Monthly Dividend Option;INF251K01EG8;;9.9238;9.9238;9.9238;28-Oct-2011
113528;BNP PARIBAS Flexi Debt Fund-Regular Plan A - Quarterly Dividend Option;;INF251K01EH6;9.9266;9.9266;9.9266;28-Oct-2011
113517;BNP PARIBAS Flexi Debt Fund-Regular Plan-Growth Option;;;16.8568;16.8568;16.8568;28-Oct-2011
113519;BNP PARIBAS Flexi Debt Fund-Regular Plan-Half-Yearly Dividend Option;;;9.9266;9.9266;9.9266;28-Oct-2011
113518;BNP PARIBAS Flexi Debt Fund-Regular Plan-Quarterly Dividend Option;;;9.9266;9.9266;9.9266;28-Oct-2011
113521;BNP PARIBAS Flexi Debt Fund-Regular Plan-Weekly Dividend Option;;;9.9143;9.9143;9.9143;28-Oct-2011

Canara Robeco Mutual Fund
111964;Canara Robeco Dynamic Bond Fund - Institutional Plan - Dividend;INF760K01381;INF760K01399;10.0000;10.0000;10.0000;28-Oct-2011
111961;Canara Robeco Dynamic Bond Fund - Institutional Plan - Growth;INF760K01407;;10.0000;10.0000;10.0000;28-Oct-2011
111962;CANARA ROBECO DYNAMIC BOND FUND - REGULAR PLAN - GROWTH OPTION;INF760K01449;;11.2802;11.2802;11.2802;28-Oct-2011
111963;CANARA ROBECO DYNAMIC BOND FUND - REGULAR PLAN - IDCW (Payout/Reinvestment);INF760K01423;INF760K01431;10.6808;10.6808;10.6808;28-Oct-2011

DSP Mutual Fund
105669;DSP Strategic Bond Fund - Regular Plan - Growth;INF740K01GK7;;1189.2091;1188.0199;1189.2091;28-Oct-2011
105668;DSP Strategic Bond Fund - Regular Plan - IDCW;INF740K01GO9;INF740K01GN1;1027.0321;1026.0051;1027.0321;28-Oct-2011
111786;DSP Strategic Bond Fund - Regular Plan - IDCW - Daily;;INF740KA1PA5;1002.1450;1001.1429;1002.1450;28-Oct-2011
105667;DSP Strategic Bond Fund - Regular Plan - IDCW - Monthly;INF740K01GM3;INF740K01GL5;1030.0158;1028.9858;1030.0158;28-Oct-2011
105878;DSP Strategic Bond Fund - Regular Plan - IDCW - Weekly;INF740K01GQ4;INF740K01GP6;1003.1000;1002.0969;1003.1000;28-Oct-2011

Franklin Templeton Mutual Fund
100498;Franklin India Dynamic Accrual Fund - IDCW ;INF090I01BN6;INF090I01BO4;10.8907;10.8362;10.8907;28-Oct-2011
100499;Franklin India Dynamic Accrual Fund-Growth;INF090I01BP1;;34.9940;34.8190;34.9940;28-Oct-2011

HDFC Mutual Fund
101872;HDFC Dynamic Debt Fund - Growth Option;INF179K01848;;33.7167;33.5481;33.7167;28-Oct-2011
101874;HDFC Dynamic Debt Fund - Half Yearly IDCW Option;INF179K01855;INF179K01863;10.87;10.8157;10.87;28-Oct-2011
101873;HDFC Dynamic Debt Fund - Quarterly IDCW Option;INF179K01871;INF179K01889;11.1846;11.1287;11.1846;28-Oct-2011
101875;HDFC Dynamic Debt Fund - Yearly IDCW Option;INF179K01921;INF179K01939;11.7586;11.6998;11.7586;28-Oct-2011

HSBC Mutual Fund
106736;HSBC Dynamic Bond Fund - Growth;INF336L01545;;13.7927;13.7237;13.7927;28-Oct-2011
106737;HSBC Dynamic Bond Fund - Regular Growth;INF336L01461;;13.9899;13.9200;13.9899;28-Oct-2011
106738;HSBC Dynamic Bond Fund - Regular Monthly IDCW;;INF336L01453;0.0000;0.0000;0.0000;28-Oct-2011

ICICI Prudential Mutual Fund
113218;ICICI Prudential All Seasons Bond Fund - Annual IDCW;INF109K01GO7;INF109K01GP4;10.4129;10.4129;10.4129;28-Oct-2011
112096;ICICI Prudential All Seasons Bond Fund - Growth;INF109K01GN9;;11.1978;11.1978;11.1978;28-Oct-2011
112097;ICICI Prudential All Seasons Bond Fund - IDCW;INF109K01GK5;INF109K01GL3;10.7518;10.7518;10.7518;28-Oct-2011
112095;ICICI Prudential All Seasons Bond Fund - Premium Dividend Option;INF109K01FC4;INF109K01720;11.4960;11.4960;11.4960;28-Oct-2011
112094;ICICI Prudential All Seasons Bond Fund - Premium Growth Option;INF109K01GM1;;11.1256;11.1256;11.1256;28-Oct-2011
113403;ICICI Prudential All Seasons Bond Fund - Quarterly IDCW;INF109K01GE8;INF109K01GF5;10.1272;10.1272;10.1272;28-Oct-2011
101351;ICICI Prudential All Seasons Bond Fund - Weekly IDCW;INF109K01FD2;INF109K01704;10.3659;10.3659;10.3659;28-Oct-2011
113416;ICICI Prudential All Seasons Bond Fund Plan Premium - Quarterly Dividend;INF109K01PQ3;INF109K01PP5;10.0981;10.0981;10.0981;28-Oct-2011
113219;ICICI Prudential All Seasons Bond Fund Premium - Annual Dividend;INF109K01GC2;INF109K01GD0;10.4041;10.4041;10.4041;28-Oct-2011
113220;ICICI Prudential All Seasons Bond Fund Retail - Annual Dividend;INF109K01GI9;INF109K01GJ7;10.3844;10.3844;10.3844;28-Oct-2011
101350;ICICI Prudential All Seasons Bond Fund Retail - Cumulative;INF109K01712;;21.5155;21.5155;21.5155;28-Oct-2011
113417;ICICI Prudential All Seasons Bond Fund Retail - Quarterly Dividend;INF109K01GG3;INF109K01GH1;10.0993;10.0993;10.0993;28-Oct-2011

JM Financial Mutual Fund
105639;JM Dynamic Bond Fund (Regular) - Daily IDCW;;INF192K01668;10.0031;10.0031;10.0031;28-Oct-2011
101806;JM Dynamic Bond Fund (Regular) - Growth Option;INF192K01700;;16.1084;16.1084;16.1084;28-Oct-2011
101805;JM Dynamic Bond Fund (Regular) - IDCW;INF192K01684;INF192K01692;16.1635;16.1635;16.1635;28-Oct-2011
105637;JM Dynamic Bond Fund (Regular) - Weekly IDCW;;INF192K01676;10.4402;10.4402;10.4402;28-Oct-2011
101807;JM Dynamic Bond Fund (Regular)- Premium Plan IDCW;INF192K01734;INF192K01742;10.3082;10.3082;10.3082;28-Oct-2011
105638;JM Dynamic Bond Fund - Premium Plan - Daily Dividend Option;;INF192K01718;10.0031;10.0031;10.0031;28-Oct-2011
101808;JM Dynamic Bond Fund - Premium Plan - Growth Option;INF192K01759;;15.5333;15.5333;15.5333;28-Oct-2011
105636;JM Dynamic Bond Fund - Premium Plan - Weekly Dividend Option;;INF192K01726;10.4737;10.4737;10.4737;28-Oct-2011

Kotak Mahindra Mutual Fund
108500;Kotak Dynamic Bond Fund Regular Plan Daily Dividend;INF174K01FB0;;10.0475;10.0475;10.0475;28-Oct-2011
108511;Kotak Dynamic Bond Fund Regular Plan Growth;INF174K01FA2;;12.7381;12.7381;12.7381;28-Oct-2011
108512;Kotak Dynamic Bond Fund Regular Plan Weekly Dividend;INF174K01FC8;;10.3629;10.3629;10.3629;28-Oct-2011

Nippon India Mutual Fund
102851;NIPPON INDIA DYNAMIC BOND FUND - IDCW Option;INF204K01FJ8;INF204K01FK6;13.2158;13.0836;13.2158;28-Oct-2011
102849;Nippon India Dynamic Bond Fund-Growth Plan-Growth Option;INF204K01FI0;;13.2143;13.0822;13.2143;28-Oct-2011

Principal Mutual Fund
100960;Principal Dynamic Bond Fund - Dividend Option -Annual;INF173K01AX7;INF173K01AY5;11.1349;11.1349;11.1349;28-Oct-2011
100963;Principal Dynamic Bond Fund - Growth Option;INF173K01AT5;;17.3968;17.3968;17.3968;28-Oct-2011
100961;Principal Dynamic Bond Fund -Dividend Option - Quarterly;INF173K01AU3;INF173K01AV1;12.0372;12.0372;12.0372;28-Oct-2011

quant Mutual Fund
100173;Quant Dynamic Bond-Bonus;INF966L01101;;17.5107;17.4231;17.5107;28-Oct-2011
100171;Quant Dynamic Bond-Dividend;INF966L01077;INF966L01085;11.3099;11.2534;11.3099;28-Oct-2011
100172;Quant Dynamic Bond-Growth;INF966L01093;;33.2549;33.0886;33.2549;28-Oct-2011

SBI Mutual Fund
102205;SBI Dynamic Bond Fund - REGULAR PLAN - Growth;INF200K01958;;12.4042;12.3732;12.4042;28-Oct-2011
102206;SBI Dynamic Bond Fund - Regular Plan - Income Distribution cum Capital Withdrawal Option (IDCW);INF200K01966;INF200K01974;10.8511;10.824;10.8511;28-Oct-2011

Tata Mutual Fund
101909;Tata Dynamic Bond Fund- Regular Plan - Growth Option;INF277K01360;;15.3641;15.2105;15.3641;28-Oct-2011
101224;Tata Dynamic Bond Fund- Regular Plan - Payout of IDCW Option;INF277K01DE0;INF277K01352;11.5270;11.4117;11.5270;28-Oct-2011
102031;Tata Dynamic Bond Fund B - Dividend;INF277K01DF7;INF277K01378;10.4321;10.3278;10.4321;28-Oct-2011
101910;Tata Dynamic Bond Fund B - Growth;INF277K01386;;15.3719;15.2182;15.3719;28-Oct-2011

Taurus Mutual Fund
114538;Taurus Dynamic Income Fund - Regular Plan - Dividend Option;INF044D01AH8;INF044D01AI6;10.4964;10.4964;10.4964;28-Oct-2011
114537;Taurus Dynamic Income Fund - Regular Plan - Growth Option;INF044D01AK2;;10.7242;10.7242;10.7242;28-Oct-2011

UTI Mutual Fund
113077;UTI Dynamic Bond Fund - Regular Plan - Growth Option;INF789F01JQ5;;10.9953;10.9953;10.9953;28-Oct-2011
113078;UTI Dynamic Bond Fund - Regular Plan - Quarterly IDCW;INF789F01JO0;INF789F01JP7;10.0818;10.0818;10.0818;28-Oct-2011

Open Ended Schemes ( Debt Scheme - Corporate Bond Fund )


Aditya Birla Sun Life Mutual Fund
111780;Aditya Birla Sun Life Corporate Bond Fund - Discipline Advantage Plan;INF209K01KK5;;11.6030;11.5450;11.6030;28-Oct-2011
103178;Aditya Birla Sun Life Corporate Bond Fund - Growth - Regular Plan;INF209K01785;;37.7910;37.6020;37.7910;28-Oct-2011
103183;Aditya Birla Sun Life Corporate Bond Fund -REGULAR - MONTHLY IDCW;INF209K01983;INF209K01DL8;11.5805;11.5226;11.5805;28-Oct-2011

BNP Paribas Mutual Fund
114106;BNP PARIBAS Corporate Bond Fund - Institutional Plan -Annual-Dividend Option;;;10.5655;10.5655;10.5655;28-Oct-2011
114101;BNP PARIBAS Corporate Bond Fund - Institutional Plan -Growth Option;;;11.1504;11.1504;11.1504;28-Oct-2011
114100;BNP PARIBAS Corporate Bond Fund - Regular Plan - Annual-Income Distribution cum Capital Withdrawal Option;INF251K01EN4;INF251K01EO2;10.5340;10.5340;10.5340;28-Oct-2011
114099;BNP PARIBAS Corporate Bond Fund - Regular Plan - Growth Option;INF251K01EI4;;12.9970;12.9970;12.9970;28-Oct-2011
114105;BNP PARIBAS Corporate Bond Fund - Regular Plan - Monthly-Income Distribution cum Capital Withdrawal Option;INF251K01EJ2;INF251K01EK0;10.0522;10.0522;10.0522;28-Oct-2011
114097;BNP PARIBAS Corporate Bond Fund - Regular Plan - Quarterly-Income Distribution cum Capital Withdrawal Option;INF251K01EL8;INF251K01EM6;10.0733;10.0733;10.0733;28-Oct-2011
114102;BNP PARIBAS Corporate Bond Fund -Institutional Plan - Monthly-Dividend Option;;;10.0561;10.0561;10.0561;28-Oct-2011
114103;BNP PARIBAS Corporate Bond Fund -Institutional Plan - Quarterly-Dividend Option;;;10.0788;10.0788;10.0788;28-Oct-2011

Franklin Templeton Mutual Fund
100528;Franklin India Corporate Debt Fund - Growth;INF090I01DG6;;33.7993;33.6303;33.7993;28-Oct-2011
100532;Franklin India Corporate Debt Fund - Monthly Bonus;INF090I01DC5;;15.8248;15.7457;15.8248;28-Oct-2011
100527;Franklin India Corporate Debt Fund - Plan A - Annual - IDCW;INF090I01DH4;INF090I01DI2;11.9793;11.9194;11.9793;28-Oct-2011
100531;Franklin India Corporate Debt Fund - Plan B - Half yearly - IDCW;INF090I01DN2;INF090I01DO0;11.8656;11.8063;11.8656;28-Oct-2011
100529;Franklin India Corporate Debt Fund - Plan B - Monthly - IDCW;INF090I01DJ0;INF090I01DK8;12.7535;12.6897;12.7535;28-Oct-2011
100530;Franklin India Corporate Debt Fund - Plan B - Quarterly - IDCW;INF090I01DL6;INF090I01DM4;12.1205;12.0599;12.1205;28-Oct-2011

HDFC Mutual Fund
113070;HDFC Corporate Bond Fund - Growth Option;INF179K01DC2;;11.0786;11.0232;11.0786;28-Oct-2011
113071;HDFC Corporate Bond Fund - Quarterly IDCW Option;INF179K01DD0;INF179K01DE8;10.0797;10.0293;10.0797;28-Oct-2011

ICICI Prudential Mutual Fund
111988;ICICI Prudential Corporate Bond Fund - Daily IDCW;INF109K01CR9;;10.0200;10.0200;10.0200;28-Oct-2011
111987;ICICI Prudential Corporate Bond Fund - Growth;INF109K01CQ1;;10.4804;10.4804;10.4804;28-Oct-2011
111991;ICICI Prudential Corporate Bond Fund - Monthly IDCW;INF109K01SK0;INF109K01CT5;10.0343;10.0343;10.0343;28-Oct-2011
111982;ICICI Prudential Corporate Bond Fund - Premium Daily Dividend;INF109K01CL2;;10.0382;10.0382;10.0382;28-Oct-2011
111981;ICICI Prudential Corporate Bond Fund - Premium Growth;INF109K01CK4;;11.4295;11.4295;11.4295;28-Oct-2011
111985;ICICI Prudential Corporate Bond Fund - Premium Monthly Dividend;INF109K01CO6;;10.0706;10.0706;10.0706;28-Oct-2011
111986;ICICI Prudential Corporate Bond Fund - Premium Quarterly Dividend;INF109K01FP6;INF109K01CP3;10.1166;10.1166;10.1166;28-Oct-2011
111983;ICICI Prudential Corporate Bond Fund - Premium Weekly Dividend;INF109K01CM0;;10.0980;10.0980;10.0980;28-Oct-2011
111994;ICICI Prudential Corporate Bond Fund - Super Premium Daily Dividend;;INF109K01CV1;10.0389;10.0389;10.0389;28-Oct-2011
111993;ICICI Prudential Corporate Bond Fund - Super Premium Growth;INF109K01CU3;;11.5962;11.5962;11.5962;28-Oct-2011
111973;ICICI Prudential Corporate Bond Fund - Super Premium Weekly Dividend;;INF109K01CW9;10.0948;10.0948;10.0948;28-Oct-2011
111976;ICICI Prudential Corporate Bond Fund Retail Daily Dividend;INF109K01CF4;;10.0380;10.0380;10.0380;28-Oct-2011
111978;ICICI Prudential Corporate Bond Fund Retail Fort Nightly Dividend;INF109K01SF0;INF109K01CH0;10.0513;10.0513;10.0513;28-Oct-2011
111972;ICICI Prudential Corporate Bond Fund Retail Growth;INF109K01CE7;;11.4489;11.4489;11.4489;28-Oct-2011
111979;ICICI Prudential Corporate Bond Fund Retail Monthly Dividend;INF109K01QM0;INF109K01CI8;10.0784;10.0784;10.0784;28-Oct-2011
111980;ICICI Prudential Corporate Bond Fund Retail Quarterly Dividend;INF109K01FQ4;INF109K01CJ6;10.1364;10.1364;10.1364;28-Oct-2011
111977;ICICI Prudential Corporate Bond Fund Retail Weekly Dividend;INF109K01SE3;INF109K01CG2;10.0935;10.0935;10.0935;28-Oct-2011

Invesco Mutual Fund
106179;Invesco India Corporate Bond Fund - Annual IDCW (Payout / Reinvestment);INF205K01QX3;INF205K01QY1;10.8167;10.7085;10.8167;28-Oct-2011
106177;Invesco India Corporate Bond Fund - Growth;INF205K01RM4;;12.2384;12.1160;12.2384;28-Oct-2011
106171;Invesco India Corporate Bond Fund - Monthly IDCW (Payout / Reinvestment);INF205K01RN2;INF205K01RO0;10.5594;10.4538;10.5594;28-Oct-2011
106172;Invesco India Corporate Bond Fund - Quarterly IDCW (Payout / Reinvestment);INF205K01RP7;INF205K01RQ5;10.1614;10.0598;10.1614;28-Oct-2011
106173;Religare Invesco Active Income Fund - Plan B - Growth;INF205K01RR3;;11.1741;11.0624;11.1741;28-Oct-2011
106174;Religare Invesco Active Income Fund - Plan B - MonthlyDividend;;INF205K01510;10.4009;10.2969;10.4009;28-Oct-2011

L&T Mutual Fund
112414;L&T Triple Ace Bond Fund - Regular Plan - Quarterly IDCW;INF917K01AF4;INF917K01AG2;11.3448;11.3448;11.3448;28-Oct-2011
112420;L&T Triple Ace Bond Fund -Regular Plan - Bonus;INF917K01AK4;;15.5928;15.5928;15.5928;28-Oct-2011
112416;L&T Triple Ace Bond Fund -Regular Plan - Semi Annual IDCW;INF917K01AI8;INF917K01AJ6;11.7254;11.7254;11.7254;28-Oct-2011
112410;L&T Triple Ace Bond Fund-Regular Plan-Growth;INF917K01AH0;;27.3664;27.3664;27.3664;28-Oct-2011

Nippon India Mutual Fund
109472;NIPPON INDIA CORPORATE BOND FUND - DAILY IDCW Option;;INF204K01EG7;17.0959;17.0959;17.0959;28-Oct-2011
100859;Nippon India Corporate Bond Fund - Growth Plan - Bonus Option;INF204KA12N8;;15.2907;15.2907;15.2907;28-Oct-2011
100856;Nippon India Corporate Bond Fund - Growth Plan - Growth Option;INF204K01EF9;;21.4098;21.4098;21.4098;28-Oct-2011
100857;NIPPON INDIA CORPORATE BOND FUND - MONTHLY IDCW Option;INF204K01EJ1;INF204K01EK9;10.4176;10.4176;10.4176;28-Oct-2011
100858;NIPPON INDIA CORPORATE BOND FUND - QUARTERLY IDCW Option;INF204K01EL7;INF204K01EM5;10.8586;10.8586;10.8586;28-Oct-2011
109473;NIPPON INDIA CORPORATE BOND FUND - WEEKLY IDCW Option;INF204K01EH5;INF204K01EI3;17.1076;17.1076;17.1076;28-Oct-2011

Principal Mutual Fund
102169;Principal Corporate Bond Fund - Dividend - Monthly;INF173K01312;INF173K01320;10.3012;10.1982;10.3012;28-Oct-2011
102170;Principal Corporate Bond Fund - Dividend - Quarterly;INF173K01338;INF173K01346;10.9964;10.8864;10.9964;28-Oct-2011
102171;Principal Corporate Bond Fund -Growth;INF173K01288;;18.6571;18.4705;18.6571;28-Oct-2011

Sundaram Mutual Fund
100792;Sundaram Corporate Bond Fund Institutional Plan - Growth;INF903J01IF9;;0.0000;0.0000;0.0000;28-Oct-2011
100790;Sundaram Corporate Bond Fund Institutional Plan - Monthly Income Distribution cum Capital Withdrawal (IDCW);INF903J01IG7;INF903J01II3;0.0000;0.0000;0.0000;28-Oct-2011
100791;Sundaram Corporate Bond Fund Institutional Plan - Quarterly Income Distribution cum Capital Withdrawal (IDCW);INF903J01IH5;INF903J01IJ1;0.0000;0.0000;0.0000;28-Oct-2011
100788;Sundaram Corporate Bond Fund Regular Plan - Annual Income Distribution cum Capital Withdrawal (IDCW);INF903J01IA0;INF903J01IE2;11.2910;11.2910;11.2910;28-Oct-2011
100787;Sundaram Corporate Bond Fund Regular Plan - Half yearly Income Distribution cum Capital Withdrawal (IDCW);INF903J01HZ9;INF903J01ID4;11.6544;11.6544;11.6544;28-Oct-2011
100785;Sundaram Corporate Bond Fund Regular Plan - Monthly Income Distribution cum Capital Withdrawal (IDCW);INF903J01HX4;INF903J01IB8;10.2845;10.2845;10.2845;28-Oct-2011
100786;Sundaram Corporate Bond Fund Regular Plan - Quarterly Income Distribution cum Capital Withdrawal (IDCW);INF903J01HY2;INF903J01IC6;11.8670;11.8670;11.8670;28-Oct-2011
100789;Sundaram Corporate Bond Fund Regular Plan- Growth;INF903J01HW6;;14.6570;14.6570;14.6570;28-Oct-2011

Tata Mutual Fund
106130;Tata Corporate Bond Fund -Regular Plan  -  Daily Dividend;;INF277K01AA4;1009.4394;1009.4394;1009.4394;28-Oct-2011
106128;Tata Corporate Bond Fund Retail Investment Plan Growth;INF277K01AD8;;1366.6464;1366.6464;1366.6464;28-Oct-2011
106123;Tata Corporate Bond Fund Retail Investment Plan Monthly Dividend;INF277K01CV6;INF277K01AE6;1007.8892;1007.8892;1007.8892;28-Oct-2011
106129;Tata Corporate Bond Fund -Regular Plan -  Growth;INF277K01998;;1370.7646;1370.7646;1370.7646;28-Oct-2011
106132;Tata Corporate Bond Fund -Regular Plan -  Monthly Dividend;INF277K01CT0;INF277K01AB2;1007.6277;1007.6277;1007.6277;28-Oct-2011
106131;Tata Corporate Bond Fund-Regular Plan - Weekly Dividend;INF277K01CU8;INF277K01AC0;1011.4697;1011.4697;1011.4697;28-Oct-2011

Open Ended Schemes ( Debt Scheme - Credit Risk Fund )


DSP Mutual Fund
101839;DSP Credit Risk Fund - Regular Plan - IDCW;INF740K01581;INF740K01AB9;10.7547;10.7547;10.7547;28-Oct-2011
101840;DSP Credit Risk Fund - Regular Plan - IDCW - Daily;;INF740KA1OA8;10.0312;10.0312;10.0312;28-Oct-2011
101838;DSP Credit Risk Fund - Regular Plan - IDCW - Weekly;INF740K01FR4;INF740K01FQ6;10.0350;10.0350;10.0350;28-Oct-2011
101837;DSP Credit Risk Fund - Regular Plan -Growth;INF740K01599;;16.4858;16.4858;16.4858;28-Oct-2011

ICICI Prudential Mutual Fund
114239;ICICI Prudential Credit Risk Fund - Growth;INF109K01GU4;;10.7756;10.7756;10.7756;28-Oct-2011
114241;ICICI Prudential Credit Risk Fund - Half Yearly IDCW;INF109K01GX8;INF109K01GY6;10.1824;10.1824;10.1824;28-Oct-2011
114240;ICICI Prudential Credit Risk Fund - Quarterly IDCW;INF109K01GV2;INF109K01GW0;10.2178;10.2178;10.2178;28-Oct-2011

L&T Mutual Fund
112629;L&T Credit Risk - Retail Qtly Dividend;INF917K01CS3;INF917K01CT1;10.4648;10.4648;10.4648;28-Oct-2011
112632;L&T Credit Risk Fund - Regular Plan - Growth;INF917K01130;;11.5567;11.5567;11.5567;28-Oct-2011
112630;L&T Credit Risk Fund- Regular Plan - Bonus;INF917K01CU9;;11.4533;11.4533;11.4533;28-Oct-2011
112631;L&T Credit Risk Fund- Regular Plan - IDCW;INF917K01114;INF917K01122;10.4143;10.4143;10.4143;28-Oct-2011
112628;L&T Credit Risk Retail -Cumulative;INF917K01106;;11.4532;11.4532;11.4532;28-Oct-2011
112627;L&T Credit Risk- Retail Dividend;INF917K01080;INF917K01098;10.2704;10.2704;10.2704;28-Oct-2011

Nippon India Mutual Fund
112938;Nippon India Credit Risk Fund  - Growth Plan;INF204K01FQ3;;13.9079;13.7688;13.9079;28-Oct-2011
112939;Nippon India Credit Risk Fund  - Institutional Growth Plan;INF204K01FT7;;14.0999;13.9589;14.0999;28-Oct-2011
112941;NIPPON INDIA CREDIT RISK FUND - QUARTERLY IDCW Option;INF204K01FR1;INF204K01FS9;12.4036;12.2796;12.4036;28-Oct-2011
112940;Reliance Credit Risk Fund  - Institutional Quarterly Dividend Plan;INF204K01FU5;INF204K01FV3;12.5081;12.3830;12.5081;28-Oct-2011

Principal Mutual Fund
102729;Principal Credit Risk Fund - Regular Plan - Growth Option;INF173K01DM4;;16.1077;16.1077;16.1077;28-Oct-2011
102732;Principal Credit Risk Fund - Regular Plan - Monthly Dividend Option;INF173K01BJ4;INF173K01BK2;11.916;11.916;11.916;28-Oct-2011

SBI Mutual Fund
102505;SBI CREDIT RISK FUND - REGULAR PLAN - GROWTH;INF200K01685;;15.5812;15.5033;15.5812;28-Oct-2011
102506;SBI Credit Risk Fund - Regular Plan - Income Distribution cum Capital Withdrawal Option (IDCW);INF200K01693;INF200K01701;11.4424;11.3852;11.4424;28-Oct-2011

Sundaram Mutual Fund
101544;Sundaram Short Term Credit Risk Fund -Dividend;INF903J01EV5;INF903J01EW3;12.3168;12.3168;12.3168;28-Oct-2011
101545;Sundaram Short Term Credit Risk Fund-Appreciation;INF903J01EU7;;15.1728;15.1728;15.1728;28-Oct-2011

Open Ended Schemes ( Debt Scheme - Banking and PSU Fund )


Aditya Birla Sun Life Mutual Fund
108272;Aditya Birla Sun Life Banking & PSU Debt Fund  - REGULAR - IDCW;INF209K01LX6;INF209KA11Z3;103.2250;102.9669;103.2250;28-Oct-2011
110282;Aditya Birla Sun Life Banking & PSU Debt Fund  - REGULAR - MONTHLY IDCW;INF209K01LU2;;100.0550;99.8049;100.0550;28-Oct-2011
108274;Aditya Birla Sun Life Banking & PSU Debt Fund  - REGULAR - Quarterly IDCW;INF209K01LN7;;101.7827;101.5282;101.7827;28-Oct-2011
110490;Aditya Birla Sun Life Banking & PSU Debt Fund  - retail - monthly IDCW;INF209K01LR8;;100.0550;99.8049;100.0550;28-Oct-2011
106157;Aditya Birla Sun Life Banking & PSU Debt Fund  - retail - quarterly IDCW;INF209K01LS6;;104.0828;103.8226;104.0828;28-Oct-2011
108273;Aditya Birla Sun Life Banking & PSU Debt Fund - Regular Plan-Growth;INF209K01LV0;;123.1177;122.8099;123.1177;28-Oct-2011
103176;Aditya Birla Sun Life Banking & PSU Debt Fund - Retail Plan-Growth;INF209K01LT4;;186.2012;185.7357;186.2012;28-Oct-2011
112015;Aditya Birla Sun Life Treasury Optimizer Plan - Discipline Advantage Plan - Growth;INF209K01KM1;;115.6556;115.3665;115.6556;28-Oct-2011
103188;Aditya Birla Sun Life Banking & PSU Debt Fund - Growth - Regular Plan;INF209K01BF4;;29.0412;29.0412;29.0412;28-Oct-2011
103187;Aditya Birla Sun Life Banking & PSU Debt Fund - Regular Plan;INF209K01BE7;INF209K01EA9;11.1098;11.1098;11.1098;28-Oct-2011

ICICI Prudential Mutual Fund
112343;ICICI Prudential Banking and PSU Debt Fund -  Daily IDCW;INF109K01WS5;INF109K01RV9;10.0715;10.0715;10.0715;28-Oct-2011
112344;ICICI Prudential Banking and PSU Debt Fund -  Weekly IDCW;INF109K01WR7;INF109K01RU1;10.0673;10.0673;10.0673;28-Oct-2011
112342;ICICI Prudential Banking and PSU Debt Fund - Growth;INF109K01RT3;;11.3938;11.3938;11.3938;28-Oct-2011
113245;ICICI Prudential Banking and PSU Debt Fund Premium Daily Dividend;INF109K01WU1;INF109K01JL7;10.0095;10.0095;10.0095;28-Oct-2011
113244;ICICI Prudential Banking and PSU Debt Fund Premium Growth;INF109K01IG9;;10.6383;10.6383;10.6383;28-Oct-2011
113246;ICICI Prudential Banking and PSU Debt Fund Premium Weekly Dividend;INF109K01WT3;INF109K01IH7;10.0182;10.0182;10.0182;28-Oct-2011
113247;ICICI Prudential Banking and PSU Debt Fund Retail Daily Dividend;INF109K01WW7;INF109K01JM5;10.0140;10.0140;10.0140;28-Oct-2011
113242;ICICI Prudential Banking and PSU Debt Fund Retail Growth;INF109K01II5;;10.8887;10.8887;10.8887;28-Oct-2011
113243;ICICI Prudential Banking and PSU Debt Fund Retail Weekly Dividend;INF109K01WV9;INF109K01IJ3;10.0231;10.0231;10.0231;28-Oct-2011

LIC Mutual Fund
105822;LIC MF Banking & PSU Debt Fund-Regular Plan-Daily IDCW;INF767K01519;INF767K01527;10.0200;10.0200;10.0200;28-Oct-2011
105823;LIC MF Banking & PSU Debt Fund-Regular Plan-Growth;INF767K01535;;13.7438;13.7438;13.7438;28-Oct-2011
105856;LIC MF Banking & PSU Debt Fund-Regular Plan-Monthly IDCW;INF767K01543;INF767K01550;10.1457;10.1457;10.1457;28-Oct-2011
105857;LIC MF Banking & PSU Debt Fund-Regular Plan-Weekly IDCW;INF767K01568;INF767K01576;10.0294;10.0294;10.0294;28-Oct-2011

Sundaram Mutual Fund
100782;Sundaram Banking & PSU Fund (Formerly Known as Sundaram Banking and PSU Debt Fund) Regular Plan - Daily Reinvestment of Income Distribution cum Capital Withdrawal (IDCW);;INF903J01IP8;10.0519;10.0519;10.0519;28-Oct-2011
100784;Sundaram Banking & PSU Fund (Formerly Known as Sundaram Banking and PSU Debt Fund) Regular Plan - Growth;INF903J01IN3;;16.2549;16.2549;16.2549;28-Oct-2011
100793;Sundaram Banking & PSU Fund (Formerly Known as Sundaram Banking and PSU Debt Fund) Regular Plan - Monthly Income Distribution cum Capital Withdrawal (IDCW);INF903J01IO1;INF903J01IR4;10.4085;10.4085;10.4085;28-Oct-2011
100783;Sundaram Banking & PSU Fund (Formerly Known as Sundaram Banking and PSU Debt Fund) Regular Plan - Weekly Reinvestment of Income Distribution cum Capital Withdrawal (IDCW);;INF903J01IQ6;0.0000;0.0000;0.0000;28-Oct-2011
100781;Sundaram Banking & PSU Fund (Formerly Known as Sundaram Banking and PSU Debt Fund) Retail Plan - Growth;INF903J01IK9;;15.5114;15.5114;15.5114;28-Oct-2011
100780;Sundaram Banking & PSU Fund (Formerly Known as Sundaram Banking and PSU Debt Fund) Retail Plan - Monthly Income Distribution cum Capital Withdrawal (IDCW);INF903J01IL7;INF903J01IM5;10.3534;10.3534;10.3534;28-Oct-2011

Open Ended Schemes ( Debt Scheme - Gilt Fund )


Aditya Birla Sun Life Mutual Fund
100061;Aditya Birla Sun Life Constant Maturity 10 Year Gilt Fund - Growth - Regular Plan;INF209K01AH2;;32.3390;32.3390;32.3390;28-Oct-2011
100060;Aditya Birla Sun Life Constant Maturity 10 Year Gilt Fund - Quarterly Dividend - Regular Plan;INF209K01AI0;INF209K01DR5;12.0068;12.0068;12.0068;28-Oct-2011
100056;Aditya Birla Sun Life Gilt Plus - Liquid Plan - Annual Dividend - Regular Plan;INF209K01991;INF209K01DM6;10.5461;10.5461;10.5461;28-Oct-2011
100055;Aditya Birla Sun Life Gilt Plus - Liquid Plan - Growth - Regular Plan;INF209K01AA7;;23.2953;23.2953;23.2953;28-Oct-2011
100054;Aditya Birla Sun Life Gilt Plus - Liquid Plan - Quarterly Dividend - Regular Plan;INF209K01AB5;;10.5395;10.5395;10.5395;28-Oct-2011
100057;Aditya Birla Sun Life Govenment Securities Fund -Regular - Quarterly IDCW;INF209K01AF6;INF209K01DP9;10.4853;10.4853;10.4853;28-Oct-2011
100058;Aditya Birla Sun Life Government Securities Fund  - Growth - Regular Plan;INF209K01AC3;INF209K01AD1;25.9658;25.7061;25.9658;28-Oct-2011

Bandhan Mutual Fund
108645;BANDHAN GSF - Investment Plan - Annual Dividend;INF194K01DU3;INF194K01DT5;12.5687;12.5687;12.5687;28-Oct-2011
111525;BANDHAN Government Securities Fund - IP - Regular Plan - Growth;INF194K01DZ2;;11.1506;11.1506;11.1506;28-Oct-2011
111527;BANDHAN Government Securities Fund - IP - Regular Plan - IDCW;INF194K01EK2;INF194K01EJ4;10.1579;10.1579;10.1579;28-Oct-2011

Baroda BNP Paribas Mutual Fund
101187;Baroda BNP Paribas GILT FUND - Regular Plan - Growth Option;INF955L01450;;15.4190;15.2648;15.4190;28-Oct-2011
101188;Baroda BNP Paribas GILT FUND - Regular Plan - IDCW Option;INF955L01435;INF955L01443;15.4073;15.2532;15.4073;28-Oct-2011

Canara Robeco Mutual Fund
100597;CANARA ROBECO GILT FUND - REGULAR PLAN - GROWTH OPTION;INF760K01AE1;;26.5770;26.5770;26.5770;28-Oct-2011
100596;CANARA ROBECO GILT FUND - REGULAR PLAN - IDCW (Payout/Reinvestment);INF760K01AB7;INF760K01AC5;11.3343;11.3343;11.3343;28-Oct-2011

DSP Mutual Fund
100084;DSP Gilt Fund - Regular Plan - Growth;INF740K01615;;33.4988;33.4653;33.4988;28-Oct-2011
100085;DSP Gilt Fund - Regular Plan - IDCW;INF740K01607;INF740K01AD5;11.6053;11.5937;11.6053;28-Oct-2011
100086;DSP Gilt Fund - Regular Plan - IDCW - Monthly;INF740K01623;INF740K01AE3;10.4825;10.4720;10.4825;28-Oct-2011

Franklin Templeton Mutual Fund
100493;Franklin India Government Securities Fund - Growth;INF090I01CU9;;23.7101;23.7101;23.7101;28-Oct-2011
100494;Franklin India Government Securities Fund - IDCW ;INF090I01CS3;INF090I01CT1;10.2400;10.2400;10.2400;28-Oct-2011
100486;Franklin India Govt.Sec. Fund-Composite Plan - Dividend;INF090I01CP9;INF090I01CQ7;10.2332;10.1820;10.2332;28-Oct-2011
100485;Franklin India Govt.Sec. Fund-Composite Plan - Growth;INF090I01CR5;;33.9852;33.8153;33.9852;28-Oct-2011
100495;Franklin India Govt.Sec. Fund-Long Term Plan - Bonus;INF090I01CO2;;10.3540;10.3540;10.3540;28-Oct-2011
100491;Franklin India Govt.Sec. Fund-PF Plan - Dividend;INF090I01CW5;INF090I01CX3;14.9272;14.8526;14.9272;28-Oct-2011
100490;Franklin India Govt.Sec. Fund-PF Plan - Growth;INF090I01CY1;;14.9272;14.8526;14.9272;28-Oct-2011
100487;Franklin India Govt.Sec. Fund-Treasury Plan(Dividend Option);INF090I01CZ8;INF090I01DA9;10.7305;10.7305;10.7305;28-Oct-2011
100489;Franklin India Govt.Sec. Fund-Treasury Plan(Growth Option);INF090I01DB7;;17.3948;17.3948;17.3948;28-Oct-2011

HDFC Mutual Fund
101083;HDFC Gilt Fund - Growth Plan;INF179K01756;;19.9814;19.9814;19.9814;28-Oct-2011
101084;HDFC Gilt Fund - IDCW Plan;INF179K01772;INF179K01764;10.5513;10.5513;10.5513;28-Oct-2011

ICICI Prudential Mutual Fund
100369;ICICI Prudential Gilt Fund - Growth;INF109K01JR4;;33.8332;33.8332;33.8332;28-Oct-2011
100368;ICICI Prudential Gilt Fund - IDCW;INF109K01JQ6;INF109K01JP8;12.4457;12.4457;12.4457;28-Oct-2011
100370;ICICI Prudential Short Term Gilt Fund - Dividend;INF109K01JW4;INF109K01JV6;11.8922;11.8922;11.8922;28-Oct-2011
100371;ICICI Prudential Short Term Gilt Fund - Growth;INF109K01JX2;;26.2020;26.2020;26.2020;28-Oct-2011
100372;ICICI Prudential Short Term Gilt Fund - Half Yearly Dividend;INF109K01JZ7;INF109K01JY0;11.2396;11.2396;11.2396;28-Oct-2011

Invesco Mutual Fund
107476;Invesco India Gilt Fund - Annual IDCW (Payout / Reinvestment);INF205K01SJ8;INF205K01SK6;11.0736;11.0736;11.0736;28-Oct-2011
107477;Invesco India Gilt Fund - Growth;INF205K01SR1;;11.4347;11.4347;11.4347;28-Oct-2011
107471;Invesco India Gilt Fund - Monthly IDCW (Reinvestment);;INF205K01SS9;10.7343;10.7343;10.7343;28-Oct-2011
107472;Invesco India Gilt Fund - Quarterly IDCW (Payout / Reinvestment);INF205K01ST7;INF205K01SU5;10.0701;10.0701;10.0701;28-Oct-2011

JM Financial Mutual Fund
100253;JM G-Sec Fund - Bonus Option - Principal Units;INF192K01817;;15.3828;15.3828;15.3828;28-Oct-2011
100250;JM G-Sec Fund - Growth Option;INF192K01809;;31.6316;31.6316;31.6316;28-Oct-2011
100249;JM G-Sec Fund - Quarterly Dividend Option;INF192K01783;INF192K01791;14.8592;14.8592;14.8592;28-Oct-2011

Kotak Mahindra Mutual Fund
100281;Kotak Gilt-Investment  Provident Fund and Trust-Growth;INF174K01FL9;;33.9363;33.9363;33.9363;28-Oct-2011
100280;Kotak Gilt-Investment  Provident Fund and Trust-Payout of Income Distribution cum capital withdrawal option;INF174K01FM7;;10.8179;10.8179;10.8179;28-Oct-2011
100265;Kotak Gilt-Investment Regular-Growth;INF174K01FI5;;33.2388;33.2388;33.2388;28-Oct-2011
100264;Kotak Gilt-Investment Regular-Payout of Income Distribution cum capital withdrawal option;INF174K01FK1;INF174K01FJ3;12.5718;12.5718;12.5718;28-Oct-2011
100263;Kotak Gilt-Savings-Annual Dividend;;;15.35;15.35;15.35;28-Oct-2011
100262;Kotak Gilt-Savings-Growth;;;22.9551;22.9551;22.9551;28-Oct-2011
100261;Kotak Gilt-Savings-Monthly Dividend;;;10.4792;10.4792;10.4792;28-Oct-2011

L&T Mutual Fund
112429;L&T Gilt Fund - Regular Plan - Growth;INF917K01BP1;;22.9558;22.9558;22.9558;28-Oct-2011
112428;L&T Gilt Fund - Regular Plan - Quarterly IDCW;INF917K01BN6;INF917K01BO4;10.8831;10.8831;10.8831;28-Oct-2011

LIC Mutual Fund
100319;LIC MF Gilt Fund-PF Plan-Growth;INF767K01733;;13.5461;13.4106;13.5461;28-Oct-2011
100318;LIC MF Gilt Fund-PF Plan-IDCW;INF767K01717;INF767K01725;12.4548;12.3303;12.4548;28-Oct-2011
100317;LIC MF Gilt Fund-Regular Plan-Growth;INF767K01709;;23.4909;23.2560;23.4909;28-Oct-2011
100316;LIC MF Gilt Fund-Regular Plan-IDCW;INF767K01683;INF767K01691;10.7305;10.6232;10.7305;28-Oct-2011

Nippon India Mutual Fund
109717;Nippon India Gilt Securities Fund - Institutional Plan-Growth Plan -Growth Option;INF204K01BX8;;12.3017;12.3017;12.3017;28-Oct-2011
109723;NIPPON INDIA GILT SECURITIES FUND - MONTHLY IDCW Option;INF204K01BV2;INF204K01BW0;9.7894;9.7894;9.7894;28-Oct-2011
109720;Nippon India Gilt Securities Fund -Growth Plan - Growth Option;INF204K01BU4;;12.2724;12.2724;12.2724;28-Oct-2011
109716;Nippon India Gilt Securities Fund -P F Option-Automatic Annual Reinvest Option;INF204K01CA4;;10.2866;10.2866;10.2866;28-Oct-2011
109721;Nippon India Gilt Securities Fund -P F Option-Defined Maturity Date Option;INF204K01CB2;;12.2724;12.2724;12.2724;28-Oct-2011
109718;Nippon India Gilt Securities Fund-Institutional Plan-P F Option-Automatic Capital Appreciation Payout Option;INF204K01CD8;;12.3017;12.3017;12.3017;28-Oct-2011
109724;Nippon India Gilt Securities Fund-P F Option-Automatic Capital Appreciation Payout Option;INF204K01CC0;;12.2724;12.2724;12.2724;28-Oct-2011

SBI Mutual Fund
102061;SBI MAGNUM GILT FUND -  GROWTH - PF (Fixed Period - 1 Yr) Option;INF200K01AB4;;12.5409;12.4782;12.5409;28-Oct-2011
101933;SBI MAGNUM GILT FUND -  GROWTH - PF (Fixed Period - 2 Yrs) Option;INF200K01AE8;;12.3794;12.2927;12.3794;28-Oct-2011
101934;SBI MAGNUM GILT FUND -  GROWTH - PF (Fixed Period - 3 Yrs) Option;INF200K01AH1;;12.1621;12.0526;12.1621;28-Oct-2011
101932;SBI MAGNUM GILT FUND -  GROWTH - PF (Regular) Option;INF200K01AK5;;12.8887;12.8887;12.8887;28-Oct-2011
101950;SBI Magnum Gilt Fund - Income Distribution cum Capital Withdrawal Option (IDCW) - PF (Fixed Period - 1 Yr);INF200K01AC2;INF200K01AD0;10.344;10.2923;10.344;28-Oct-2011
101951;SBI Magnum Gilt Fund - Income Distribution cum Capital Withdrawal Option (IDCW) - PF (Fixed Period - 2 Yrs);INF200K01AF5;INF200K01AG3;10.4402;10.3671;10.4402;28-Oct-2011
101952;SBI Magnum Gilt Fund - Income Distribution cum Capital Withdrawal Option (IDCW) - PF (Fixed Period - 3 Yrs);INF200K01AI9;INF200K01AJ7;10.2543;10.162;10.2543;28-Oct-2011
101935;SBI Magnum Gilt Fund - Income Distribution cum Capital Withdrawal Option (IDCW) - PF (Regular);INF200K01AL3;INF200K01AM1;10.5759;10.5759;10.5759;28-Oct-2011
101001;SBI MAGNUM GILT FUND - REGULAR PLAN - GROWTH;INF200K01982;;20.0964;20.0964;20.0964;28-Oct-2011
100999;SBI Magnum Gilt Fund - Regular Plan - Income Distribution cum Capital Withdrawal Option (IDCW);INF200K01990;INF200K01AA6;10.4983;10.4983;10.4983;28-Oct-2011

Sundaram Mutual Fund
101092;SUNDARAM GILT FUND (Growth. OPTION);INF903J01FA6;;15.3999;15.3999;0.0000;28-Oct-2011
101059;SUNDARAM GILT FUND (DIV. OPTION);INF903J01FB4;INF903J01FC2;11.7832;11.7832;0.0000;28-Oct-2011

Tata Mutual Fund
101902;Tata Gilt High Fund - Dividend Opt;INF277K01DO9;INF277K01543;11.9904;11.9904;11.9904;28-Oct-2011
102016;Tata Gilt High Fund - Growth;INF277K01550;;17.3961;17.3961;17.3961;28-Oct-2011
112929;Tata Gilt Mid Term Fund - Regular Plan -Periodic Dividend;INF277K01LI4;INF277K01LJ2;10.3593;10.1521;10.3593;28-Oct-2011
112928;Tata Gilt Mid Term Fund -Regular Plan- Growth;INF277K01LH6;;10.3412;10.1344;10.3412;28-Oct-2011
112930;Tata Gilt Mid Term Fund -Regular Plan- Quarterly Dividend;INF277K01LK0;INF277K01LL8;10.3428;10.1359;10.3428;28-Oct-2011
102046;Tata Gilt Retirement Plan (28/2/25) - Payout of IDCW Option;;;12.7899;12.7899;12.7899;28-Oct-2011
101945;Tata Gilt Retirement Plan- 28/2/25 Growth Option;;;12.8200;12.8200;12.8200;28-Oct-2011
101049;Tata Gilt Securities Fund - Regular Plan - Payout of IDCW Option;INF277K01DN1;INF277K01535;11.5778;11.5778;11.5778;28-Oct-2011
101042;Tata Gilt Securities Fund -Regular Plan- Growth Option;INF277K01519;;28.2862;28.2862;28.2862;28-Oct-2011
102263;Tata Gilt Securities Fund RIP ( Bonus);INF277K01527;;14.1861;14.1861;14.1861;28-Oct-2011

UTI Mutual Fund
102512;UTI - GILT FUND - Discontinued PF Plan - Growth Option;INF789F01PT6;;15.4572;15.4572;15.4572;28-Oct-2011
102514;UTI - GILT FUND - Discontinued PF Plan Prescribed Date Auto Redemption Option;INF789F01PU4;;15.4658;15.4658;15.4658;28-Oct-2011
102510;UTI - GILT FUND - Regular Plan - Growth Option;INF789F01661;;20.789;20.789;20.789;28-Oct-2011
102511;UTI - GILT FUND -Discontinued PF Plan -Dividend Option;INF789F01PR0;INF789F01PS8;12.0072;12.0072;12.0072;28-Oct-2011
102509;UTI Gilt Fund - Regular Plan - IDCW;INF789F01646;INF789F01653;12.8955;12.8955;12.8955;28-Oct-2011

Open Ended Schemes ( Debt Scheme - Gilt Fund with 10 year constant duration )


Bandhan Mutual Fund
108646;BANDHAN Government Securities Fund - Constant Maturity Plan - Regular Plan - Quarterly IDCW;INF194K01FF9;INF194K01FE2;10.1390;10.1390;10.1390;28-Oct-2011
108753;BANDHAN Government Securities Fund - Constant Maturity Plan - Regular Plan - Growth;INF194K01FA0;;14.4067;14.4067;14.4067;28-Oct-2011
108644;BANDHAN Government Securities Fund - Constant Maturity Plan - Regular Plan - Monthly IDCW;INF194K01FC6;INF194K01FB8;10.0164;10.0164;10.0164;28-Oct-2011

SBI Mutual Fund
101002;SBI MAGNUM CONSTANT MATURITY FUND - REGULAR PLAN - GROWTH;INF200K01AN9;;20.3129;20.3129;20.3129;28-Oct-2011
101003;SBI Magnum Constant Maturity Fund - Regular Plan - Income Distribution cum Capital Withdrawal Option (IDCW);INF200K01AO7;INF200K01AP4;11.1139;11.1139;11.1139;28-Oct-2011

Open Ended Schemes ( Debt Scheme - Floater Fund )


Franklin Templeton Mutual Fund
101048;Franklin India Floating Rate Fund - Growth Plan;INF090I01LM7;;17.2843;17.2843;17.2843;28-Oct-2011
101044;Franklin India Floating Rate Fund - IDCW ;INF090I01LN5;;10.0002;10.0002;10.0002;28-Oct-2011

HDFC Mutual Fund
106838;HDFC Floating Rate Debt Fund - Daily IDCW Option;;INF179K01699;10.0809;10.0809;10.0809;28-Oct-2011
106841;HDFC Floating Rate Debt Fund - Growth Option;INF179K01707;;17.5976;17.5976;17.5976;28-Oct-2011
106839;HDFC Floating Rate Debt Fund - Monthly IDCW Option;INF179K01715;INF179K01723;10.2217;10.2217;10.2217;28-Oct-2011
106840;HDFC Floating Rate Debt Fund - Weekly IDCW Option;INF179K01731;INF179K01749;10.145;10.145;10.145;28-Oct-2011
101483;HDFC Floating Rate Debt Fund - Retail Daily Div Option;;INF179K01640;10.0809;10.0809;10.0809;28-Oct-2011
101481;HDFC Floating Rate Debt Fund - Retail Growth Option;INF179K01632;;17.3679;17.3679;17.3679;28-Oct-2011
101484;HDFC Floating Rate Debt Fund - Retail Monthly Div option;INF179K01657;INF179K01665;10.2186;10.2186;10.2186;28-Oct-2011
101482;HDFC Floating Rate Debt Fund - Retail Weekly Div Option;INF179K01681;INF179K01673;10.1446;10.1446;10.1446;28-Oct-2011

ICICI Prudential Mutual Fund
101804;ICICI Prudential Floating Interest Fund - Daily IDCW;INF109K01AW3;;100.0380;100.0380;100.0380;28-Oct-2011
101803;ICICI Prudential Floating Interest Fund - Fortnightly IDCW;INF109K01AZ6;;100.1941;100.1941;100.1941;28-Oct-2011
101802;ICICI Prudential Floating Interest Fund - Growth;INF109K01AX1;;153.1025;153.1025;153.1025;28-Oct-2011
101800;ICICI Prudential Floating Interest Fund Plan A - Dividend Daily;INF109K01928;;100.0724;100.0724;100.0724;28-Oct-2011
101796;ICICI Prudential Floating Interest Fund Plan A - Fortnightly Dividend;INF109K01910;;100.6904;100.1869;100.6904;28-Oct-2011
101795;ICICI Prudential Floating Interest Fund Plan A - Growth;INF109K01936;;157.0962;156.3107;157.0962;28-Oct-2011
111544;ICICI Prudential Floating Interest Fund Plan A - Weekly Dividend Option;INF109K01EK0;INF109K01944;100.1871;100.1871;100.1871;28-Oct-2011
101799;ICICI Prudential Floating Interest Fund Plan B - Dividend Daily;INF109K01951;;100.0724;100.0724;100.0724;28-Oct-2011
101794;ICICI Prudential Floating Interest Fund Plan B - Fortnightly Dividend;INF109K01969;;101.0616;101.0616;101.0616;28-Oct-2011
101793;ICICI Prudential Floating Interest Fund Plan B - Growth;INF109K01977;;169.7903;169.7903;169.7903;28-Oct-2011
111543;ICICI Prudential Floating Interest Fund Plan B - Weekly Dividend Option;INF109K01EL8;INF109K01985;100.1844;100.1844;100.1844;28-Oct-2011
101801;ICICI Prudential Floating Interest Fund Plan C - Dividend Daily;INF109K01AA9;;100.0724;100.0724;100.0724;28-Oct-2011
101798;ICICI Prudential Floating Interest Fund Plan C - Fortnightly Dividend;INF109K01993;;100.6912;100.6912;100.6912;28-Oct-2011
101797;ICICI Prudential Savings Fund Plan C - Growth;INF109K01AB7;;160.3955;160.3955;160.3955;28-Oct-2011
111546;ICICI Prudential Savings Fund Plan C - Weekly Dividend Option;INF109K01EM6;INF109K01AC5;100.1919;100.1919;100.1919;28-Oct-2011

Nippon India Mutual Fund
102676;NIPPON INDIA FLOATING RATE FUND - DAILY IDCW REINVESTMENT Option;;INF204K01CI7;10.0665;10.0413;10.0665;28-Oct-2011
102673;Nippon India Floating Rate Fund - Growth Plan-Growth Option;INF204K01CG1;;16.2680;16.2273;16.2680;28-Oct-2011
102675;NIPPON INDIA FLOATING RATE FUND - MONTHLY IDCW Option;INF204K01CH9;INF204K01CK3;10.1522;10.1268;10.1522;28-Oct-2011
112942;NIPPON INDIA FLOATING RATE FUND - QUARTERLY IDCW Option;INF204K01HK2;INF204K01HL0;10.1414;10.1160;10.1414;28-Oct-2011
102677;NIPPON INDIA FLOATING RATE FUND - WEEKLY IDCW Option;INF204K01OQ5;INF204K01CJ5;10.0879;10.0627;10.0879;28-Oct-2011

Open Ended Schemes ( Hybrid Scheme - Conservative Hybrid Fund )


Aditya Birla Sun Life Mutual Fund
101818;Aditya Birla Sun Life Regular Savings Fund - Growth / Payment - Regular Plan;INF209K01751;INF209K01777;18.3622;18.1786;18.3622;28-Oct-2011
101816;Aditya Birla Sun Life Regular Savings Fund - REGULAR - MONTHLY IDCW;INF209K01769;INF209K01DF0;11.2662;11.1535;11.2662;28-Oct-2011
101817;Birla Sun Life Regular Savings Fund - Regular Plan - Monthly Payment;;;18.3622;18.1786;18.3622;28-Oct-2011

Axis Mutual Fund
112927;Axis Regular Saver Fund - Regular Plan - Annual IDCW;INF846K01743;INF846K01750;10.3689;10.2652;10.3689;28-Oct-2011
112924;Axis Regular Saver Fund - Regular Plan - Growth Option;INF846K01693;;10.5246;10.4194;10.5246;28-Oct-2011
112926;Axis Regular Saver Fund - Regular Plan - Half Yearly IDCW;INF846K01727;INF846K01735;10.2195;10.1173;10.2195;28-Oct-2011
112925;Axis Regular Saver Fund - Regular Plan - Quarterly IDCW;INF846K01701;INF846K01719;10.1309;10.0296;10.1309;28-Oct-2011

Bandhan Mutual Fund
112353;BANDHAN Regular Savings Fund - Regular Plan - Growth;INF194K01RW9;;10.9105;10.9105;10.9105;28-Oct-2011
112352;BANDHAN Regular Savings Fund - Regular Plan - IDCW;INF194K01RY5;INF194K01RX7;10.3392;10.3392;10.3392;28-Oct-2011
113361;BANDHAN Regular Savings Fund - Regular Plan - Quarterly IDCW;INF194K01SB1;INF194K01SA3;10.2338;10.2338;10.2338;28-Oct-2011

Baroda BNP Paribas Mutual Fund
102661;BARODA CONSERVATIVE HYBRID FUND - Plan A - Growth Option;INF955L01161;;13.4223;13.2881;13.4223;28-Oct-2011
102662;BARODA CONSERVATIVE HYBRID FUND - Plan A - Monthly IDCW Option;INF955L01179;INF955L01187;12.0504;11.9299;12.0504;28-Oct-2011
102663;BARODA CONSERVATIVE HYBRID FUND - Plan A - Quarterly IDCW Option;INF955L01195;INF955L01203;12.1947;12.0728;12.1947;28-Oct-2011

BNP Paribas Mutual Fund
113560;BNP PARIBAS Conservative Hybrid Fund-Regular Plan-Growth Option;INF251K01845;;15.1435;15.1435;15.1435;28-Oct-2011
113561;BNP PARIBAS Conservative hybrid Fund-Regular Plan-Monthly Income Distribution cum Capital Withdrawal Option;INF251K01852;INF251K01860;10.1356;10.1356;10.1356;28-Oct-2011
113562;BNP PARIBAS Conservative Hybrid Fund-Regular Plan-Quarterly Income Distribution cum Capital Withdrawal Option;INF251K01878;INF251K01886;10.1496;10.1496;10.1496;28-Oct-2011

Canara Robeco Mutual Fund
100601;CANARA ROBECO CONSERVATIVE HYBRID FUND - REGULAR PLAN - GROWTH OPTION;INF760K01282;;30.5072;30.5072;30.5072;28-Oct-2011
100600;CANARA ROBECO CONSERVATIVE HYBRID FUND - REGULAR PLAN - MONTHLY IDCW (Payout/Reinvestment);INF760K01308;INF760K01316;13.9587;13.9587;13.9587;28-Oct-2011
112378;CANARA ROBECO CONSERVATIVE HYBRID FUND - REGULAR PLAN - QUARTERLY IDCW (Payout/Reinvestment);INF760K01AP7;INF760K01AQ5;13.9512;13.9512;13.9512;28-Oct-2011

DSP Mutual Fund
102450;DSP Regular Savings Fund - Regular Plan - IDCW - Monthly;INF740K01458;INF740K01466;10.8893;10.7804;10.8893;28-Oct-2011
102451;DSP Regular Savings Fund - Regular Plan - IDCW - Quarterly ;INF740K01474;INF740K01482;11.5078;11.3927;11.5078;28-Oct-2011
102448;DSP Regular Savings Fund- Regular Plan - Growth;INF740K01441;;19.6230;19.4268;19.6230;28-Oct-2011

Franklin Templeton Mutual Fund
100948;Franklin India Debt Hybrid Fund - Growth;INF090I01EA7;;28.8041;28.5161;28.8041;28-Oct-2011
100951;Franklin India Debt Hybrid Fund - Monthly Bonus;INF090I01EF6;;11.1507;11.0392;11.1507;28-Oct-2011
100949;Franklin India Debt Hybrid Fund - Plan A - Monthly - IDCW;INF090I01EB5;INF090I01EC3;11.6416;11.5252;11.6416;28-Oct-2011
100950;Franklin India Debt Hybrid Fund - Plan A - Quarterly - IDCW;INF090I01ED1;INF090I01EE9;11.4667;11.3520;11.4667;28-Oct-2011

HDFC Mutual Fund
102147;HDFC Hybrid Debt Fund - Growth Plan;INF179K01AE4;;23.313;23.0799;23.313;28-Oct-2011
102148;HDFC Hybrid Debt Fund - IDCW Monthly;INF179K01AA2;INF179K01AB0;12.6244;12.4982;12.6244;28-Oct-2011
102149;HDFC Hybrid Debt Fund - IDCW Quarterly;INF179K01AC8;INF179K01AD6;13.0197;12.8895;13.0197;28-Oct-2011
102144;HDFC MF Monthly Income Plan-Short Term Plan-Growth Option;INF179K01AF1;;17.5906;17.4147;17.5906;28-Oct-2011
102145;HDFC MF Monthly Income Plan-Short Term Plan-Monthly Dividend Option;INF179K01AG9;INF179K01AH7;11.0483;10.9378;11.0483;28-Oct-2011
102146;HDFC MF Monthly Income Plan-Short Term Plan-Quarterly Dividend Option;INF179K01AI5;INF179K01AJ3;11.3705;11.2568;11.3705;28-Oct-2011

HSBC Mutual Fund
102262;HSBC Conservative Hybrid Fund - Regular Growth;INF336L01099;;19.4149;19.2208;19.4149;28-Oct-2011
102260;HSBC Conservative Hybrid Fund - Regular Monthly IDCW;INF336L01107;INF336L01115;11.2963;11.1833;11.2963;28-Oct-2011
102261;HSBC Conservative Hybrid Fund - Regular Quarterly IDCW;INF336L01123;INF336L01131;11.5328;11.4175;11.5328;28-Oct-2011

ICICI Prudential Mutual Fund
102330;ICICI Prudential Regular Savings Fund - Plan - Growth;INF109K01902;;19.9556;19.7560;19.9556;28-Oct-2011
113098;ICICI Prudential Regular Savings Fund - Plan - Half Yearly IDCW;INF109K01IW6;INF109K01WX5;10.4176;10.3134;10.4176;28-Oct-2011
102331;ICICI Prudential Regular Savings Fund - Plan - Monthly IDCW;INF109K01ER5;INF109K01894;11.9679;11.8482;11.9679;28-Oct-2011
113097;ICICI Prudential Regular Savings Fund - Plan - Quarterly IDCW;INF109K01IX4;INF109K01WY3;10.5429;10.4375;10.5429;28-Oct-2011

Invesco Mutual Fund
112887;Invesco India Regular Savings Fund - Growth;INF205K01UA3;;11.2360;11.1236;11.2360;28-Oct-2011
112888;Invesco India Regular Savings Fund - Monthly Dividend;INF205K01UB1;INF205K01UC9;10.3561;10.2525;10.3561;28-Oct-2011

Kotak Mahindra Mutual Fund
114859;Kotak Debt Hybrid - Growth;INF174K01393;;15.9625;15.9625;15.9625;28-Oct-2011
114858;Kotak Debt Hybrid - Monthly Payout of Income Distribution cum capital withdrawal option;INF174K01419;INF174K01401;10.2553;10.2553;10.2553;28-Oct-2011
114860;Kotak Debt Hybrid - Quarterly Payout of Income Distribution cum capital withdrawal option;INF174K01435;INF174K01427;10.5164;10.5164;10.5164;28-Oct-2011

L&T Mutual Fund
112487;L&T Conservative Hybrid Fund- Regular Plan - Growth;INF917K01056;;20.2020;20.2020;20.2020;28-Oct-2011
112488;L&T Conservative Hybrid Fund -Regular Plan - Monthly IDCW;INF917K01031;INF917K01049;11.2248;11.2248;11.2248;28-Oct-2011
112489;L&T Conservative Hybrid Fund -Regular Plan -Quarterly IDCW;INF917K01064;INF917K01072;11.3841;11.3841;11.3841;28-Oct-2011

LIC Mutual Fund
101869;LIC MF Conservative Hybrid Fund-Regular Plan-Growth;INF767K01808;;33.0641;32.7335;33.0641;28-Oct-2011
101866;LIC MF Conservative Hybrid Fund-Regular Plan-Monthly IDCW;INF767K01816;INF767K01824;10.0445;9.9441;10.0445;28-Oct-2011
101867;LIC MF Conservative Hybrid Fund-Regular Plan-Quarterly IDCW;INF767K01832;INF767K01840;10.2282;10.1259;10.2282;28-Oct-2011
101868;LIC MF Conservative Hybrid Fund-Regular Plan-Yearly IDCW;INF767K01857;INF767K01865;10.3161;10.2129;10.3161;28-Oct-2011

Navi Mutual Fund
113143;Navi Conservative Hybrid  Fund - Quarterly IDCW;INF959L01114;INF959L01122;10.2619;10.1593;10.2619;28-Oct-2011
113141;Navi Conservative Hybrid Fund - Monthly IDCW;INF959L01098;INF959L01106;10.3047;10.2017;10.3047;28-Oct-2011
113142;Navi Conservative Hybrid Fund-Growth;INF959L01130;;10.7152;10.6080;10.7152;28-Oct-2011

Nippon India Mutual Fund
102173;NIPPON INDIA HYBRID BOND FUND - MONTHLY IDCW Option;INF204K01FE9;INF204K01FF6;10.5405;10.4351;10.5405;28-Oct-2011
102174;NIPPON INDIA HYBRID BOND FUND - QUARTERLY IDCW Option;INF204K01FG4;INF204K01FH2;11.2249;11.1127;11.2249;28-Oct-2011
102172;Nippon India Hybrid Bond Fund-Growth Plan;INF204K01FD1;;21.9395;21.7201;21.9395;28-Oct-2011

SBI Mutual Fund
100929;SBI Conservative Hybrid Fund - Regular Plan - Annual Income Distribution cum Capital Withdrawal Option (IDCW);INF200K01909;INF200K01917;11.5481;11.4326;11.5481;28-Oct-2011
100968;SBI Conservative Hybrid Fund - Regular Plan - Growth;INF200K01859;;20.4049;20.2009;20.4049;28-Oct-2011
100927;SBI Conservative Hybrid Fund - Regular Plan - Monthly Income Distribution cum Capital Withdrawal Option (IDCW);INF200K01867;INF200K01875;10.2321;10.1298;10.2321;28-Oct-2011
100928;SBI Conservative Hybrid Fund - Regular Plan - Quarterly Income Distribution cum Capital Withdrawal Option (IDCW);INF200K01883;INF200K01891;10.2352;10.1328;10.2352;28-Oct-2011

Sundaram Mutual Fund
102175;Sundaram  Monthly Income Plan-Monthly Dividend;INF903J01HQ8;INF903J01HT2;10.2841;10.2841;10.2841;28-Oct-2011
102176;Sundaram  Monthly Income Plan-Quarterly-Dividend;INF903J01HR6;INF903J01HU0;10.9805;10.9805;10.9805;28-Oct-2011
102178;Sundaram Monthly Income Plan-Growth;INF903J01HP0;;15.2215;15.2215;15.2215;28-Oct-2011
102177;Sundaram Monthly Income Plan-Half-yearly Dividend;INF903J01HS4;INF903J01HV8;11.0428;11.0428;11.0428;28-Oct-2011
112868;Sundaram Conservative Hybrid Fund (Formerly Known as Sundaram Debt Oriented Hybrid Fund) Regular Plan - Growth;INF903J01HB0;;10.5168;10.5168;10.5168;28-Oct-2011
112869;Sundaram Conservative Hybrid Fund (Formerly Known as Sundaram Debt Oriented Hybrid Fund) Regular Plan - Half yearly Income Distribution cum Capital Withdrawal (IDCW);INF903J01HE4;INF903J01HH7;10.5346;10.5346;10.5346;28-Oct-2011
112867;Sundaram Conservative Hybrid Fund (Formerly Known as Sundaram Debt Oriented Hybrid Fund) Regular Plan - Monthly Income Distribution cum Capital Withdrawal (IDCW);INF903J01HC8;INF903J01HF1;10.0673;10.0673;10.0673;28-Oct-2011
112870;Sundaram Conservative Hybrid Fund (Formerly Known as Sundaram Debt Oriented Hybrid Fund) Regular Plan - Quarterly Income Distribution cum Capital Withdrawal (IDCW);INF903J01HD6;INF903J01HG9;10.4589;10.4589;10.4589;28-Oct-2011
112873;Sundaram Regular Savings Fund - DIVIDEND;INF903J01HJ3;INF903J01HM7;10.1432;10.1432;10.1432;28-Oct-2011
112874;Sundaram Regular Savings Fund - GROWTH;INF903J01HI5;;10.6383;10.6383;10.6383;28-Oct-2011
112871;Sundaram Regular Savings Fund - Half-yearly Dividend;INF903J01HL9;INF903J01HO3;10.6546;10.6546;10.6546;28-Oct-2011
112872;Sundaram Regular Savings Fund - Quarterly Dividend;INF903J01HK1;INF903J01HN5;10.5950;10.5950;10.5950;28-Oct-2011

UTI Mutual Fund
102533;UTI Conservative Hybrd Fund - Regular Plan - Monthly Payment Option;INF789F01927;;20.6081;20.6081;20.6081;28-Oct-2011
102534;UTI Conservative Hybrid Fund - Regular Plan - Flexi IDCW;INF789F01877;INF789F01885;20.6004;20.6004;20.6004;28-Oct-2011
102535;UTI Conservative Hybrid Fund - Regular Plan - Growth Option;INF789F01893;;20.5986;20.5986;20.5986;28-Oct-2011
102536;UTI Conservative Hybrid Fund - Regular Plan - Monthly IDCW;INF789F01901;INF789F01919;12.736;12.736;12.736;28-Oct-2011

Open Ended Schemes ( Hybrid Scheme - Balanced Hybrid Fund )


Nippon India Mutual Fund
102848;NIPPON INDIA BALANCED ADVANTAGE FUND - IDCW Option;INF204K01570;INF204K01588;19.3366;19.1432;19.3366;28-Oct-2011
102847;Nippon India Balanced Advantage Fund-Growth Plan-Bonus Option;INF204K01596;;36.4629;36.0983;36.4629;28-Oct-2011
102846;Nippon India Balanced Advantage Fund-Growth Plan-Growth Option;INF204K01604;;36.4629;36.0983;36.4629;28-Oct-2011

Sundaram Mutual Fund
111924;Sundaram Equity Hybrid Fund Institutional Plan - Income Distribution cum Capital Withdrawal (IDCW);INF903J01751;INF903J01769;10.7081;10.6010;10.7081;28-Oct-2011
100617;Sundaram Equity Hybrid Fund Regular Plan - Growth;INF903J01744;;46.4258;45.9615;46.4258;28-Oct-2011
101472;Sundaram Equity Hybrid Fund Regular Plan - Income Distribution cum Capital Withdrawal (IDCW);INF903J01728;INF903J01736;10.2674;10.1647;10.2674;28-Oct-2011

Open Ended Schemes ( Hybrid Scheme - Aggressive Hybrid Fund )


Aditya Birla Sun Life Mutual Fund
103155;Aditya Birla Sun Life Equity Hybrid'95 Fund - Regular Plan-Growth;INF209K01BT5;;303.71;300.67;303.71;28-Oct-2011
103154;Aditya Birla Sun Life Equity Hybrid'95 Fund -Regular - IDCW;INF209K01BS7;INF209K01EE1;103.81;102.77;103.81;28-Oct-2011

Baroda BNP Paribas Mutual Fund
101912;BARODA  HYBRID EQUITY FUND - Plan A - Growth Option;INF955L01708;;27.35;27.08;27.35;28-Oct-2011
101913;BARODA HYBRID EQUITY FUND - Plan A - IDCW Option;INF955L01682;INF955L01690;27.35;27.08;27.35;28-Oct-2011

Canara Robeco Mutual Fund
106166;CANARA ROBECO EQUITY HYBRID FUND - REGULAR PLAN - GROWTH OPTION;INF760K01050;;60.7200;60.7200;60.7200;28-Oct-2011
106167;CANARA ROBECO EQUITY HYBRID FUND - REGULAR PLAN - MONTHLY IDCW (Payout/Reinvestment);INF760K01068;INF760K01076;51.1600;51.1600;51.1600;28-Oct-2011

DSP Mutual Fund
100081;DSP Equity & Bond Fund- Regular Plan - Growth;INF740K01318;;63.916;63.277;63.916;28-Oct-2011
100082;DSP Equity & Bond Fund- Regular Plan - IDCW;INF740K01326;INF740K01334;21.019;20.809;21.019;28-Oct-2011

Edelweiss Mutual Fund
112013;Edelweiss Aggressive Hybrid Fund  - Plan B - IDCW Option;INF754K01137;INF754K01145;12.40;12.40;12.40;28-Oct-2011
112108;Edelweiss Aggressive Hybrid Fund - Regular Plan - Growth Option;INF754K01202;;12.33;12.33;12.33;28-Oct-2011
112109;Edelweiss Aggressive Hybrid Fund - Regular Plan - IDCW Option;INF754K01178;INF754K01186;11.24;11.24;11.24;28-Oct-2011
112012;Edelweiss Aggressive Hybrid Fund- Plan B-Growth Option;INF754K01160;;12.16;12.16;12.16;28-Oct-2011
112110;Edelweiss Multi-Asset Allocation Fund- Plan C-Growth Option;INF754K01244;;10.61;10.61;10.61;28-Oct-2011

Franklin Templeton Mutual Fund
100550;Franklin India Equity Hybrid Fund - Growth Plan;INF090I01817;;48.5456;48.0601;48.5456;28-Oct-2011
100549;Franklin India Equity Hybrid Fund - IDCW ;INF090I01825;INF090I01833;17.7706;17.5929;17.7706;28-Oct-2011

HDFC Mutual Fund
102948;HDFC Hybrid Equity Fund - Growth Plan;INF179K01AS4;;27.251;26.978;27.251;28-Oct-2011
102947;HDFC Hybrid Equity Fund - IDCW Plan;INF179K01AQ8;INF179K01AR6;13.935;13.796;13.935;28-Oct-2011

ICICI Prudential Mutual Fund
100356;ICICI Prudential Equity & Debt Fund - Growth;INF109K01480;;46.47;46.01;46.47;28-Oct-2011
100355;ICICI Prudential Equity & Debt Fund - Monthly IDCW;INF109K01DX5;INF109K01498;15.64;15.48;15.64;28-Oct-2011

JM Financial Mutual Fund
100220;JM Aggressive Hybrid Fund (Regular) - IDCW;INF192K01528;INF192K01536;15.7292;15.7292;15.7292;28-Oct-2011
100221;JM Aggressive Hybrid Fund (Regular) -Growth Option;INF192K01544;;22.0528;22.0528;22.0528;28-Oct-2011

Kotak Mahindra Mutual Fund
100286;Kotak Equity Hybrid - Payout of Income Distribution cum capital withdrawal option;INF174K01450;INF174K01443;21.034;20.824;21.034;28-Oct-2011

LIC Mutual Fund
100323;LIC MF Aggressive Hybrid Fund-Regular Plan-Growth;INF767K01030;;53.3509;52.8174;53.3509;28-Oct-2011
100321;LIC MF Aggressive Hybrid Fund-Regular Plan-IDCW;INF767K01022;INF767K01014;11.2723;11.1596;11.2723;28-Oct-2011

Nippon India Mutual Fund
112936;Nippon India Equity Hybrid Fund - Growth Plan;INF204K01FW1;;21.1253;20.9140;21.1253;28-Oct-2011
112937;NIPPON INDIA EQUITY HYBRID FUND - IDCW Option;INF204K01FX9;INF204K01FY7;12.8402;12.7118;12.8402;28-Oct-2011

Principal Mutual Fund
101266;Principal Hybrid Equity Fund- Monthly Income Distribution CUM Capital Withdrawal;INF173K01CI4;INF173K01CJ2;14.35;14.21;14.35;28-Oct-2011
101265;Principal Hybrid Equity Fund-Growth;INF173K01CL8;;28.41;28.13;28.41;28-Oct-2011

quant Mutual Fund
101070;quant Absolute Fund - Growth Option - Regular Plan;INF966L01267;;57.6743;57.0976;57.6743;28-Oct-2011
101069;quant Absolute Fund-IDCW Option - Regular Plan;INF966L01242;INF966L01259;10.8135;10.7054;10.8135;28-Oct-2011

SBI Mutual Fund
101551;SBI Equity Hybrid Fund - Regular Plan - Income Distribution cum Capital Withdrawal Option (IDCW);INF200K01115;INF200K01123;22.95;22.72;22.95;28-Oct-2011
102885;SBI EQUITY HYBRID FUND - REGULAR PLAN -Growth;INF200K01107;;46.6;46.13;46.6;28-Oct-2011

Tata Mutual Fund
100414;Tata Hybrid Equity Fund- Regular Plan - Growth Option;INF277K01303;;82.2353;81.4129;82.2353;28-Oct-2011
113134;Tata Hybrid Equity Fund- Regular Plan - Monthly Payout of IDCW Option;INF277K01CS2;INF277K01CW4;44.3835;43.9397;44.3835;28-Oct-2011
101222;Tata Hybrid Equity Fund- Regular Plan - Periodic Payout of IDCW Option;INF277K01DB6;INF277K01295;51.8700;51.3513;51.8700;28-Oct-2011

UTI Mutual Fund
100684;UTI Aggressive Hybrid Fund - Regular Plan - Growth;INF789F01323;;77.35;77.35;77.35;28-Oct-2011
100685;UTI Aggressive Hybrid Fund - Regular Plan - IDCW;INF789F01307;INF789F01315;20.86;20.86;20.86;28-Oct-2011

Open Ended Schemes ( Hybrid Scheme - Dynamic Asset Allocation or Balanced Advantage )


Edelweiss Mutual Fund
112117;Edelweiss Balanced Advantage Fund - Regular Plan - Growth Option;INF754K01285;;11.41;11.30;11.41;28-Oct-2011
112118;Edelweiss Balanced Advantage Fund - Regular Plan - Quarterly - IDCW Option;INF754K01251;INF754K01269;10.88;10.77;10.88;28-Oct-2011

HDFC Mutual Fund
100119;HDFC Balanced Advantage Fund - Growth Plan;INF179K01830;;83.93;83.091;83.93;28-Oct-2011
100120;HDFC Balanced Advantage Fund - IDCW Plan;INF179K01814;INF179K01822;29.747;29.45;29.747;28-Oct-2011

HSBC Mutual Fund
106671;HSBC Dynamic Asset Allocation Fund - Dividend;INF336L01404;INF336L01396;9.7212;9.6240;9.7212;28-Oct-2011
106670;HSBC Dynamic Asset Allocation Fund - Growth;INF336L01412;;9.7212;9.6240;9.7212;28-Oct-2011

ICICI Prudential Mutual Fund
104685;ICICI Prudential Balanced Advantage Fund - Growth;INF109K01BH2;;13.88;13.74;13.88;28-Oct-2011
104686;ICICI Prudential Balanced Advantage Fund - IDCW;INF109K01EG8;INF109K01BG4;12.15;12.03;12.15;28-Oct-2011

Invesco Mutual Fund
106317;Invesco India Balanced Advantage Fund - Growth;INF205K01213;;11.65;11.53;11.65;28-Oct-2011
106316;Invesco India Balanced Advantage Fund - IDCW (Payout / Reinvestment);INF205K01239;INF205K01221;11.65;11.53;11.65;28-Oct-2011

Principal Mutual Fund
114301;Principal Balanced Advantage Fund - Growth Option;INF173K01585;;9.81;9.61;9.81;28-Oct-2011
114302;Principal Balanced Advantage Fund - Monthly Income Distribution CUM Capital Withdrawal Option;INF173K01551;INF173K01569;9.81;9.61;9.81;28-Oct-2011

UTI Mutual Fund
100646;UTI - Unit Linked Insurance Plan;;;17.0651;17.0651;17.0651;28-Oct-2011

Open Ended Schemes ( Hybrid Scheme - Multi Asset Allocation )


Axis Mutual Fund
113064;Axis Multi Asset Allocation Fund - Regular Plan - Growth Option;INF846K01768;;11.0145;10.9044;11.0145;28-Oct-2011
113065;Axis Multi Asset Allocation Fund - Regular Plan - IDCW;INF846K01776;INF846K01784;10.2101;10.1080;10.2101;28-Oct-2011

HDFC Mutual Fund
103131;HDFC Multi-Asset Fund - Growth Option;INF179K01AP0;;17.092;16.9211;17.092;28-Oct-2011
103130;HDFC Multi-Asset Fund - IDCW Option;INF179K01AN5;INF179K01AO3;11.2564;11.1438;11.2564;28-Oct-2011

ICICI Prudential Mutual Fund
101144;ICICI Prudential Multi-Asset Fund - Growth;INF109K01761;;101.9384;100.9190;101.9384;28-Oct-2011
101143;ICICI Prudential Multi-Asset Fund - IDCW;INF109K01ED5;INF109K01779;16.6936;16.5267;16.6936;28-Oct-2011
115269;ICICI Prudential Multi-Asset Fund- Institutional Growth Option;INF109K01TN2;;9.4966;9.4016;9.4966;28-Oct-2011
104898;ICICI Prudential Multi-Asset Fund-Institutional Option - I;INF109K01787;;16.0794;15.9186;16.0794;28-Oct-2011

Navi Mutual Fund
114854;Navi 3 IN 1 FUND - MONTHLY IDCW Payout;INF959L01023;INF959L01049;10.8947;10.7858;10.8947;28-Oct-2011
115101;Navi 3 IN 1 FUND - QUARTERLY IDCW Payout;INF959L01031;INF959L01056;10.8953;10.7863;10.8953;28-Oct-2011
114855;Navi 3 in 1 Fund-Growth;INF959L01015;;10.8959;10.7869;10.8959;28-Oct-2011

quant Mutual Fund
101071;quant Multi Asset Fund - IDCW Option - Regular Plan;INF966L01184;INF966L01192;20.3610;20.2595;20.3610;28-Oct-2011
101072;quant Multi Asset Fund-GROWTH OPTION - Regular Plan;INF966L01200;;22.2292;22.1181;22.2292;28-Oct-2011

SBI Mutual Fund
103409;SBI Multi Asset Allocation Fund - Regular Plan - Annual Income Distribution cum Capital Withdrawal Option (IDCW);INF200K01784;INF200K01792;12.1058;11.9847;12.1058;28-Oct-2011
103408;SBI MULTI ASSET ALLOCATION FUND - REGULAR PLAN - GROWTH;INF200K01800;;13.7181;13.5809;13.7181;28-Oct-2011
103400;SBI Multi Asset Allocation Fund - Regular Plan - Monthly Income Distribution cum Capital Withdrawal Option (IDCW);INF200K01818;INF200K01826;10.4831;10.3783;10.4831;28-Oct-2011
103401;SBI Multi Asset Allocation Fund - Regular Plan - Quarterly Income Distribution cum Capital Withdrawal Option (IDCW);INF200K01834;INF200K01842;10.586;10.4801;10.586;28-Oct-2011

Sundaram Mutual Fund
115243;Sundaram Multi Asset Fund - Dividend Re-Investment Option;;;10.6454;10.5389;10.6454;28-Oct-2011
115242;Sundaram Multi Asset Fund Dividend Payout;INF903J01CL0;INF903J01CM8;10.6454;10.5389;10.6454;28-Oct-2011
115241;Sundaram Multi Asset Fund Growth;INF903J01CK2;;10.6438;10.5374;10.6438;28-Oct-2011

UTI Mutual Fund
111599;UTI Multi Asset Allocation Fund - Regular Plan - Growth Option;INF789F01AP6;;20.24;20.24;20.24;28-Oct-2011
111602;UTI Multi Asset Allocation Fund - Regular Plan - IDCW;INF789F01AN1;INF789F01AO9;15.12;15.12;15.12;28-Oct-2011

Open Ended Schemes ( Hybrid Scheme - Arbitrage Fund )


Aditya Birla Sun Life Mutual Fund
112088;Aditya BIRLA SUN LIFE ARBITRAGE FUND - REGULAR PLAN - GROWTH;INF209K01264;;11.3292;11.2442;11.3292;28-Oct-2011
112087;Aditya Birla Sun Life Arbitrage Fund-Regular - IDCW;INF209K01256;INF209K01CI6;11.0637;10.9807;11.0637;28-Oct-2011

Bandhan Mutual Fund
108844;BANDHAN Arbitrage Fund - Plan B - Dividend;INF194K01623;INF194K01631;11.7445;11.7445;11.7445;28-Oct-2011
108846;BANDHAN Arbitrage Fund - Plan B - Growth;INF194K01615;;13.9367;13.9367;13.9367;28-Oct-2011
108845;BANDHAN Arbitrage Fund - Regular Plan - Growth;INF194K01649;;13.6025;13.6025;13.6025;28-Oct-2011
108847;BANDHAN Arbitrage Fund - Regular Plan - Monthly IDCW;INF194K01656;INF194K01664;11.5115;11.5115;11.5115;28-Oct-2011

HDFC Mutual Fund
106796;HDFC ARBITRAGE FUND - Retail Growth Option;INF179K01319;;12.957;12.827;12.957;28-Oct-2011
106799;HDFC ARBITRAGE FUND - Retail IDCW Option;;;10.059;9.958;10.059;28-Oct-2011
106797;HDFC ARBITRAGE FUND - Retail Quarterly IDCW Option;INF179K01327;;10.486;10.381;10.486;28-Oct-2011
106793;HDFC ARBITRAGE FUND - Wholesale Growth Option;INF179K01343;;13.085;12.954;13.085;28-Oct-2011
106795;HDFC ARBITRAGE FUND - Wholesale IDCW Option;INF179KA1KM1;INF179KA1KL3;10.342;10.239;10.342;28-Oct-2011
106794;HDFC Arbitrage Fund Wholesale Plan Dividend Option;;;10;9.9;10;28-Oct-2011

ICICI Prudential Mutual Fund
104682;ICICI Prudential Equity - Arbitrage Fund-Institutional Dividend Option;INF109K01EE3;INF109K01BC3;11.83;11.77;11.83;28-Oct-2011
104684;ICICI Prudential Equity - Arbitrage Fund-Institutional Growth Option;INF109K01BD1;;14.18;14.11;14.18;28-Oct-2011
104683;ICICI Prudential Equity Arbitrage Fund - Growth;INF109K01BF6;;14.03;13.96;14.03;28-Oct-2011
104681;ICICI Prudential Equity Arbitrage Fund - IDCW;INF109K01EF0;INF109K01BE9;11.66;11.60;11.66;28-Oct-2011

Invesco Mutual Fund
105603;Invesco India Arbitrage Fund - Growth Option;INF205K01122;;13.3911;13.2907;13.3911;28-Oct-2011
105604;Invesco India Arbitrage Fund - IDCW (Payout / Reinvestment);INF205K01148;INF205K01130;10.9587;10.8765;10.9587;28-Oct-2011

JM Financial Mutual Fund
103780;JM Arbitrage Fund (Regular) - Growth Option;INF192K01510;;14.3470;14.2035;14.3470;28-Oct-2011
103781;JM Arbitrage Fund (Regular) - IDCW ;INF192K01494;INF192K01502;10.2738;10.1711;10.2738;28-Oct-2011

Kotak Mahindra Mutual Fund
105968;Kotak Equity Arbitrage Fund - Growth;INF174K01302;;15.2533;15.177;15.2533;28-Oct-2011
105967;Kotak Equity Arbitrage Fund - Payout of Income Distribution cum capital withdrawal option;INF174K01328;INF174K01310;10.5908;10.5378;10.5908;28-Oct-2011

Nippon India Mutual Fund
113345;Nippon India Arbitrage Fund - Growth Plan - Growth Option;INF204K01IY1;;10.8474;10.7389;10.8474;28-Oct-2011
113346;NIPPON INDIA ARBITRAGE FUND - IDCW Option;INF204K01IZ8;INF204K01JA9;10.8474;10.7389;10.8474;28-Oct-2011

SBI Mutual Fund
104457;SBI Arbitrage Opportunities Fund - Regular Plan - Gr;INF200K01156;;14.1073;14.072;14.1073;28-Oct-2011
104458;SBI Arbitrage Opportunities Fund - Regular Plan - Income Distribution cum Capital Withdrawal Option (IDCW);INF200K01131;INF200K01149;12.1518;12.1214;12.1518;28-Oct-2011

UTI Mutual Fund
104075;UTI Arbitrage Fund - Regular Plan - Growth Option;INF789FB1RJ0;;14.8639;0;14.8639;28-Oct-2011
104074;UTI Arbitrage Fund - Regular Plan - IDCW;INF789FB1RH4;INF789FB1RI2;12.2263;0;12.2263;28-Oct-2011

Open Ended Schemes ( Hybrid Scheme - Equity Savings )


Bandhan Mutual Fund
108995;BANDHAN Equity Savings Fund - Regular Plan - Growth;INF194K01581;;12.1527;12.1527;12.1527;28-Oct-2011
108992;BANDHAN Equity Savings Fund - Regular Plan - Monthly IDCW;INF194K01599;INF194K01607;11.1947;11.1947;11.1947;28-Oct-2011
108993;BANDHAN Equity Savings Fund -B-DIVIDEND;INF194K01565;INF194K01573;11.3006;11.3006;11.3006;28-Oct-2011
108994;BANDHAN Equity Savings Fund -B-GROWTH;INF194K01557;;12.2277;12.2277;12.2277;28-Oct-2011

HDFC Mutual Fund
101585;HDFC Equity Savings Fund - GROWTH PLAN;INF179K01AM7;;18.7603;18.5727;18.7603;28-Oct-2011
101586;HDFC Equity Savings Fund - IDCW PLAN;INF179K01AK1;INF179K01AL9;11.3068;11.1937;11.3068;28-Oct-2011

IDBI Mutual Fund
114982;IDBI Equity Savings Fund Growth Option;INF397L01315;;10.4067;10.3026;10.4067;28-Oct-2011
114630;IDBI Equity Savings Fund IDCW Option;INF397L01257;INF397L01265;10.1536;10.0521;10.1536;28-Oct-2011
114983;IDBI Equity Savings Fund Quarterly IDCW Option;INF397L01281;INF397L01299;10.1031;10.0021;10.1031;28-Oct-2011

L&T Mutual Fund
115887;L&T Equity Savings Fund - Regular Plan - Growth;INF917K01AA5;;10.0317;10.0317;10.0317;28-Oct-2011
115883;L&T Equity Savings Fund - Regular Plan - Monthly IDCW;INF917K01965;INF917K01973;10.0317;10.0317;10.0317;28-Oct-2011
115886;L&T Equity Savings Fund - Regular Plan - Quarterly IDCW;INF917K01981;INF917K01999;10.0317;10.0317;10.0317;28-Oct-2011

Principal Mutual Fund
101498;Principal Equity Savings Fund - Growth Option;INF173K01213;;21.8071;21.589;21.8071;28-Oct-2011
101499;Principal Equity Savings Fund - Half Yearly Income Distribution CUM Capital Withdrawal;INF173K01247;INF173K01254;10.5726;10.4669;10.5726;28-Oct-2011
101500;Principal Equity Savings Fund -Quaterly Income Distribution CUM Capital Withdrawal;INF173K01262;INF173K01270;11.3618;11.2482;11.3618;28-Oct-2011

Tata Mutual Fund
101906;Tata Equity Savings Fund -Regular Plan-Growth Option;INF277K01907;;18.9886;18.7987;18.9886;28-Oct-2011
102118;Tata Equity Savings Fund- Regular Plan - Periodic Payout of IDCW Option;INF277K01EF5;INF277K01915;12.1146;11.9935;12.1146;28-Oct-2011
101609;TATA Equity Savings Fund- Regular Plan -Monthly Payout of IDCW option;INF277K01EE8;INF277K01899;11.9194;11.8002;11.9194;28-Oct-2011

Open Ended Schemes ( Solution Oriented Scheme - Retirement Fund )


Franklin Templeton Mutual Fund
100535;Franklin India Pension Plan - IDCW ;INF090I01528;INF090I01536;14.7737;14.7737;14.7737;28-Oct-2011
100536;Franklin India Pension Plan-Growth;INF090I01510;;59.8048;59.8048;59.8048;28-Oct-2011

UTI Mutual Fund
100682;UTI Retirement Fund - Regular Plan;;;17.8773;17.8773;17.8773;28-Oct-2011

Open Ended Schemes ( Solution Oriented Scheme - Children’s Fund )


HDFC Mutual Fund
100899;HDFC Children Gift Fund-Savings;;;23.723;23.012;23.723;28-Oct-2011
100900;HDFC Childrens Gift Fund - Growth Plan;;;43.549;42.243;43.549;28-Oct-2011

ICICI Prudential Mutual Fund
101127;ICICI Prudential Child Care Fund (Gift Plan) - Cumulative;INF109K01605;;53.71;53.17;53.71;28-Oct-2011

LIC Mutual Fund
101271;LIC MF Children's Gift Fund-Regular Plan-Growth;INF767K01048;;9.7293;9.6320;9.7293;28-Oct-2011

SBI Mutual Fund
101169;SBI Magnum Children's Benefit Fund - Savings Plan - REGULAR PLAN - GROWTH;INF200K01776;;23.1674;22.4724;23.1674;28-Oct-2011

Tata Mutual Fund
101490;Tata Young Citizen Fund [>3 years upto 7 years] Regular Plan;;;15.1589;14.8557;15.1589;28-Oct-2011
101489;Tata Young Citizen Fund [Upto 3 years] Regular Plan;;;15.1589;14.7041;15.1589;28-Oct-2011
101491;Tata Young Citizens' Fund -Regular Plan-Growth Option;INF277K01AJ5;;15.1589;15.0073;15.1589;28-Oct-2011

UTI Mutual Fund
102267;UTI Children's Equity Fund - Regular Plan - Growth Option;;;15.9464;15.9464;15.9464;28-Oct-2011
102266;UTI Children's Equity Fund - Regular Plan - IDCW;;;15.9464;15.9464;15.9464;28-Oct-2011
100678;UTI Children's Hybrid Fund - Regular Plan;;;14.25;14.25;14.25;28-Oct-2011

Open Ended Schemes ( Other Scheme - Index Funds )


Aditya Birla Sun Life Mutual Fund
101314;Aditya Birla Sun Life Nifty 50 Index Fund - Growth - Regular Plan;INF209K01LB2;;52.8726;52.6082;52.8726;28-Oct-2011
101313;Aditya Birla Sun Life Nifty 50 Index Fund -REGULAR - IDCW;INF209K01LA4;INF209K01LC0;20.4383;20.3361;20.4383;28-Oct-2011

Bandhan Mutual Fund
112877;BANDHAN Nifty 50 Index Fund - Regular Plan - Growth;INF194K01920;;10.3222;10.3222;10.3222;28-Oct-2011
112878;BANDHAN Nifty 50 Index Fund - Regular Plan - IDCW;INF194K01938;INF194K01946;10.3877;10.3877;10.3877;28-Oct-2011

Franklin Templeton Mutual Fund
100484;Franklin India Index Fund- NSE Nifty 50 Index Fund - Growth;INF090I01890;;42.2620;41.8394;42.2620;28-Oct-2011
105067;Franklin India INDEX FUND- NSE NIFTY 50 INDEX FUND - IDCW;INF090I01874;INF090I01882;42.2620;41.8394;42.2620;28-Oct-2011

HDFC Mutual Fund
101525;HDFC Index Fund-NIFTY 50 Plan - Growth Plan;INF179K01KZ8;;46.4383;46.4383;46.4383;28-Oct-2011
101281;HDFC Index Fund-S&P BSE Sensex Plan - Growth Plan;INF179K01LA9;;147.99;147.99;147.99;28-Oct-2011

ICICI Prudential Mutual Fund
101349;ICICI Prudential Nifty 50 Index Fund - Cumulative Option;INF109K01PI0;;50.2372;49.7348;50.2372;28-Oct-2011
112957;ICICI Prudential Nifty Next 50 Index Fund - Growth;INF109K01IF1;;8.8929;8.8929;8.8929;28-Oct-2011
112958;ICICI Prudential Nifty Next 50 Index Fund -IDCW;INF109K01PR1;INF109K01IE4;8.8929;8.8929;8.8929;28-Oct-2011

IDBI Mutual Fund
113062;IDBI Nifty 50  Index Fund IDCW;INF397L01083;INF397L01075;9.6640;9.5674;9.6640;28-Oct-2011
113063;IDBI NIFTY 50 Index Fund Growth;INF397L01091;;10.1329;10.0316;10.1329;28-Oct-2011
113250;IDBI Nifty Next 50  Index Fund IDCW;INF397L01166;INF397L01182;7.8516;7.7731;7.8516;28-Oct-2011
113249;IDBI Nifty Next 50 Index Fund Growth;INF397L01174;;7.8516;7.7731;7.8516;28-Oct-2011

LIC Mutual Fund
101202;LIC MF Index Fund-Sensex Advantage-Dividend;INF767K01188;INF767K01170;10.9975;10.8875;10.9975;28-Oct-2011
101203;LIC MF Index Fund-Sensex Advantage-Growth;INF767K01196;;31.0879;30.7770;31.0879;28-Oct-2011
101201;LIC MF Nifty 50 Index Fund-Regular Plan-Growth;INF767K01162;;29.8111;29.5130;29.8111;28-Oct-2011
101200;LIC MF Nifty 50 Index Fund-Regular Plan-IDCW;INF767K01154;INF767K01147;10.9970;10.8870;10.9970;28-Oct-2011
101199;LIC MF S & P BSE Sensex Index Fund-Regular Plan-Growth;INF767K01139;;33.3553;33.0217;33.3553;28-Oct-2011
101198;LIC MF S & P BSE Sensex Index Fund-Regular Plan-IDCW;INF767K01121;INF767K01113;11.4322;11.3179;11.4322;28-Oct-2011

Nippon India Mutual Fund
113300;NIPPON INDIA INDEX FUND - NIFTY 50 PLAN - ANNUAL - IDCW Option;INF204K01II4;INF204K01IL8;8.7826;8.6948;8.7826;28-Oct-2011
113297;Nippon India Index Fund - Nifty 50 Plan - Growth Plan - Bonus Option;INF204K01IF0;;8.7827;8.6949;8.7827;28-Oct-2011
113296;Nippon India Index Fund - Nifty 50 Plan - Growth Plan - Growth Option;INF204K01IE3;;8.7827;8.6949;8.7827;28-Oct-2011
113299;NIPPON INDIA INDEX FUND - NIFTY 50 PLAN - HALF YEARLY - IDCW Option;INF204K01IH6;INF204K01IK0;8.7826;8.6948;8.7826;28-Oct-2011
113298;NIPPON INDIA INDEX FUND - NIFTY 50 PLAN - QUARTERLY - IDCW Option;INF204K01IG8;INF204K01IJ2;8.7826;8.6948;8.7826;28-Oct-2011
113295;NIPPON INDIA INDEX FUND - S&P BSE SENSEX PLAN - ANNUAL - IDCW Option;INF204K01IQ7;INF204K01IT1;8.6505;8.5640;8.6505;28-Oct-2011
113270;Nippon India Index Fund - S&P BSE Sensex Plan - Growth Plan - Bonus Option;INF204K01IN4;;8.6458;8.5593;8.6458;28-Oct-2011
113269;Nippon India Index Fund - S&P BSE Sensex Plan - Growth Plan - Growth Option;INF204K01IM6;;8.6506;8.5641;8.6506;28-Oct-2011
113294;NIPPON INDIA INDEX FUND - S&P BSE SENSEX PLAN - HALF YEARLY - IDCW Option;INF204K01IP9;INF204K01IS3;8.6502;8.5637;8.6502;28-Oct-2011
113271;NIPPON INDIA INDEX FUND - S&P BSE SENSEX PLAN - QUARTERLY - IDCW Option;INF204K01IO2;INF204K01IR5;8.6505;8.5640;8.6505;28-Oct-2011

Principal Mutual Fund
100153;Principal Nifty 100 Equal Weight Fund-Growth;INF173K01AG2;;36.7405;36.3731;36.7405;28-Oct-2011
100152;Principal Nifty 100 Equal Weight Fund-Income Distribution CUM Capital Withdrawal;INF173K01AH0;INF173K01AI8;21.5941;21.3782;21.5941;28-Oct-2011

SBI Mutual Fund
102272;SBI NIFTY INDEX FUND - REGULAR PLAN - GROWTH;INF200K01537;;45.7942;45.7942;45.7942;28-Oct-2011
102273;SBI Nifty Index Fund - Regular Plan - Income Distribution cum Capital Withdrawal Option (IDCW);INF200K01545;INF200K01552;23.4663;23.4663;23.4663;28-Oct-2011

Tata Mutual Fund
101659;Tata Nifty 50 Index Fund -Regular Plan;INF277K01741;;31.9021;30.6260;31.9021;28-Oct-2011
101746;Tata S&P BSE Sensex Index Fund -Regular Plan;INF277K01758;;43.2744;41.5434;43.2744;28-Oct-2011

Taurus Mutual Fund
112948;Taurus Nifty 50 Index Fund - Regular Plan - Growth;INF044D01948;;10.1800;10.0782;10.1800;28-Oct-2011
112949;Taurus Nifty 50 Index Fund - Regular Plan - Payout of Income Distribution cum Capital Withdrawal option;INF044D01914;INF044D01922;10.2900;10.1871;10.2900;28-Oct-2011

UTI Mutual Fund
100822;UTI Nifty 50 Index Fund - Regular Plan - Growth Option;INF789F01JN2;;33.3641;33.3641;33.3641;28-Oct-2011
100823;UTI Nifty 50 Index Fund - Regular Plan - IDCW;INF789F01JL6;INF789F01JM4;16.9858;16.9858;16.9858;28-Oct-2011

Open Ended Schemes ( Other Scheme - Gold ETF )


Aditya Birla Sun Life Mutual Fund
115127;Aditya Birla Sun Life Gold ETF;INF209KB18D3;;2773.9189;2773.9189;2773.9189;28-Oct-2011

Axis Mutual Fund
113434;Axis Gold ETF;INF846K01W80;;2710.5587;2710.5587;2710.5587;28-Oct-2011

HDFC Mutual Fund
113049;HDFC Gold Exchange Traded Fund. - Growth Option;INF179KC1981;;2712.1238;2712.1238;2712.1238;28-Oct-2011

ICICI Prudential Mutual Fund
113076;ICICI Prudential Gold ETF;INF109KC1NT3;;2729.8555;N.A.;N.A.;28-Oct-2011

Invesco Mutual Fund
112368;Invesco India Gold Exchange Traded Fund;INF205K01361;;2732.4024;2732.4024;2732.4024;28-Oct-2011

Kotak Mahindra Mutual Fund
106193;KOTAK GOLD ETF;INF174KA1HJ8;;2658.5448;2658.5448;2658.5448;28-Oct-2011

Quantum Mutual Fund
107693;Quantum Gold Fund;INF082J01408;;1323.1393;1323.1393;1323.1393;28-Oct-2011

SBI Mutual Fund
111954;SBI Gold ETF;INF200KA16D8;;2710.2237;2710.2237;2710.2237;28-Oct-2011

UTI Mutual Fund
105463;UTI GOLD Exchange Traded Fund;INF789F1AUX7;;2659.5658;0;2659.5658;28-Oct-2011

Open Ended Schemes ( Other Scheme - Other  ETFs )


Aditya Birla Sun Life Mutual Fund
115512;Aditya Birla Sun Life Nifty ETF;INF209KB19D1;;53.6797;53.6797;53.6797;28-Oct-2011

ICICI Prudential Mutual Fund
101705;ICICI Prudential S&P BSE Sensex ETF;INF346A01034;;188.0465;188.0465;188.0465;28-Oct-2011

Invesco Mutual Fund
115284;Invesco India Nifty 50 Exchange Traded Fund;INF205K01DA9;;537.5050;537.5050;537.5050;28-Oct-2011

Kotak Mahindra Mutual Fund
112351;Kotak Nifty 50 ETF;INF174K014P6;;544.5304;544.5304;544.5304;28-Oct-2011
106929;Kotak Nifty PSU Bank ETF;INF373I01023;;338.7052;338.7052;338.7052;28-Oct-2011
109010;Kotak S&P BSE Sensex ETF;INF174KA1JD7;;182.7702;182.7702;182.7702;28-Oct-2011

Motilal Oswal Mutual Fund
114984;Motilal Oswal Nasdaq 100 ETF (MOFN100);INF247L01AP3;;118.5924;118.5924;118.5924;28-Oct-2011
113069;Motilal Oswal Nifty 50 ETF;INF247L01536;;72.3846;72.3846;72.3846;28-Oct-2011
114456;Motilal Oswal Nifty Midcap 100 ETF;INF247L01023;;7.3378;7.3378;7.3378;28-Oct-2011

Quantum Mutual Fund
108479;Quantum Nifty 50 ETF;INF082J01028;;545.6597;545.6597;545.6597;28-Oct-2011

Open Ended Schemes ( Other Scheme - FoF Overseas )


DSP Mutual Fund
115882;DSP World Agriculture Fund - Regular Plan - Growth;INF740K01EK2;;10.7793;10.6715;10.7793;28-Oct-2011
115881;DSP World Agriculture Fund - Regular Plan - IDCW;INF740K01EL0;;10.7793;10.6715;10.7793;28-Oct-2011
112126;DSP World Energy Fund - Regular Plan - Growth;INF740K01284;;11.5749;11.4592;11.5749;28-Oct-2011
112127;DSP World Energy Fund - Regular Plan - IDCW;INF740K01292;INF740K01300;11.5749;11.4592;11.5749;28-Oct-2011
106597;DSP World Gold Fund of Fund - Regular Plan - Growth;INF740K01250;;19.8426;19.6442;19.8426;28-Oct-2011
106596;DSP World Gold Fund of Fund - Regular Plan - IDCW;INF740K01268;INF740K01276;16.2485;16.0860;16.2485;28-Oct-2011
112293;DSP World Mining Fund - Regular Plan - Growth;INF740K01730;;11.2101;11.0980;11.2101;28-Oct-2011
112347;DSP World Mining Fund - Regular Plan - IDCW;INF740K01748;INF740K01AL8;11.2101;11.0980;11.2101;28-Oct-2011

HSBC Mutual Fund
115117;HSBC Brazil Fund - IDCW;INF336L01172;INF336L01180;9.3027;9.2097;9.3027;28-Oct-2011
115116;HSBC Brazil Fund-Growth;INF336L01164;;9.3027;9.2097;9.3027;28-Oct-2011
107988;HSBC Global Emerging Markets Fund - Growth;INF336L01446;;9.5329;9.4376;9.5329;28-Oct-2011
107989;HSBC Global Emerging Markets Fund - IDCW;INF336L01438;INF336L01420;9.5329;9.4376;9.5329;28-Oct-2011

Kotak Mahindra Mutual Fund
106441;Kotak Global Emerging Market Fund - Growth;INF174K01DV3;;9.938;9.839;9.938;28-Oct-2011
106442;Kotak Global Emerging Market Fund - Payout of Income Distribution cum capital withdrawal option;INF174K01DX9;INF174K01DW1;9.938;9.839;9.938;28-Oct-2011

Principal Mutual Fund
102336;Principal Global Opportunities Fund- Income Distribution CUM Capital Withdrawal Option;INF173K01CQ7;INF173K01CR5;18.0320;17.8517;18.0320;28-Oct-2011
102337;Principal Global Opportunities Fund-Growth Option;INF173K01CT1;;18.0320;17.8517;18.0320;28-Oct-2011

Sundaram Mutual Fund
106370;Sundaram Global Brand Fund Regular Plan - Growth;INF903J01EX1;;11.6440;11.6440;11.6440;28-Oct-2011
106369;Sundaram Global Brand Fund Regular Plan - Income Distribution cum Capital Withdrawal (IDCW);INF903J01EY9;INF903J01EZ6;11.6444;11.6444;11.6444;28-Oct-2011

Open Ended Schemes ( Other Scheme - FoF Domestic )


Axis Mutual Fund
115897;Axis Gold Fund - Regular Plan - Growth Option;INF846K01AL3;;10.3230;10.2198;10.3230;28-Oct-2011
115898;Axis Gold Fund - Regular Plan - IDCW;INF846K01AM1;INF846K01AN9;10.3230;10.2198;10.3230;28-Oct-2011

Bandhan Mutual Fund
108547;BANDHAN All Seasons Bond Fund - Regular Plan - Annual IDCW;INF194K01SG0;INF194K01SF2;12.6627;12.6627;12.6627;28-Oct-2011
115874;BANDHAN All Seasons Bond Fund - Regular Plan - Fortnightly IDCW;INF194K01SM8;INF194K01SL0;10.0604;10.0604;10.0604;28-Oct-2011
108545;BANDHAN All Seasons Bond Fund - Regular Plan - Growth;INF194K01SE5;;16.0417;16.0417;16.0417;28-Oct-2011
108546;BANDHAN All Seasons Bond Fund - Regular Plan - Half Yearly IDCW;INF194K01SI6;INF194K01SH8;11.0073;11.0073;11.0073;28-Oct-2011
108544;BANDHAN All Seasons Bond Fund - Regular Plan - Quarterly IDCW;INF194K01SK2;INF194K01SJ4;11.6964;11.6964;11.6964;28-Oct-2011
112332;BANDHAN Asset Allocation Fund - Regular Plan - Aggressive Plan - Growth;INF194K01953;;11.5139;11.5139;11.5139;28-Oct-2011
112331;BANDHAN Asset Allocation Fund - Regular Plan - Aggressive Plan - IDCW;INF194K01961;INF194K01979;11.1975;11.1975;11.1975;28-Oct-2011
112327;BANDHAN Asset Allocation Fund - Regular Plan - Conservative Plan - Growth;INF194K01987;;10.9722;10.9722;10.9722;28-Oct-2011
112328;BANDHAN Asset Allocation Fund - Regular Plan - Conservative Plan - IDCW;INF194K01995;INF194K01AA1;10.6405;10.6405;10.6405;28-Oct-2011
112329;BANDHAN Asset Allocation Fund - Regular Plan - Moderate Plan - Growth;INF194K01AB9;;11.3671;11.3671;11.3671;28-Oct-2011
112330;BANDHAN Asset Allocation Fund - Regular Plan - Moderate Plan - IDCW;INF194K01AC7;INF194K01AD5;11.1567;11.1567;11.1567;28-Oct-2011

Franklin Templeton Mutual Fund
101657;Franklin India Dynamic Asset Allocation Fund of funds - IDCW ;INF090I01247;INF090I01254;32.8476;32.5191;32.8476;28-Oct-2011
101656;Franklin India Dynamic Asset Allocation Fund of Funds-Growth;INF090I01262;;40.8834;40.4746;40.8834;28-Oct-2011
102108;Franklin India Life Stage Fund of Funds - 20's Plan - IDCW ;INF090I01577;;26.6919;26.4250;26.6919;28-Oct-2011
102107;Franklin INDIA LIFE STAGE FUND OF FUNDS - THE 20S PLAN (G);INF090I01593;;36.4667;36.1020;36.4667;28-Oct-2011
102110;Franklin India Life Stage Fund of Funds - 30's Plan - IDCW ;INF090I01601;;21.4958;21.3346;21.4958;28-Oct-2011
102109;Franklin INDIA LIFE STAGE FUND OF FUNDS - THE 30S PLAN (G);INF090I01627;;28.2692;28.0572;28.2692;28-Oct-2011
102111;Franklin India Life Stage Fund of Funds - 40's Plan - IDCW ;INF090I01635;;13.6044;13.5024;13.6044;28-Oct-2011
102112;Franklin INDIA LIFE STAGE FUND OF FUNDS - THE 40S PLAN (G);INF090I01650;;23.6086;23.4315;23.6086;28-Oct-2011
102546;Franklin India Life Stage Fund Of Funds - 50's Plus Floating Rate Plan - IDCW ;INF090I01692;;12.7827;12.6549;12.7827;28-Oct-2011
102547;Franklin India Life Stage Fund of Funds - The 50s Plus Flo (Gro);INF090I01718;;20.0237;19.8235;20.0237;28-Oct-2011
102113;Franklin India Life Stage Fund of Funds - 50's Plus Plan - IDCW ;INF090I01668;;12.1422;12.0208;12.1422;28-Oct-2011
102114;Franklin INDIA LIFE STAGE FUND OF FUNDS - THE 50+S PLAN (G);INF090I01684;;19.1437;18.9523;19.1437;28-Oct-2011

ICICI Prudential Mutual Fund
102137;ICICI Prudential Asset Allocator Fund (FOF) - Growth;INF109K01837;;25.3120;25.3120;25.3120;28-Oct-2011
102138;ICICI Prudential Asset Allocator Fund (FOF) - IDCW;INF109K01FJ9;INF109K01845;25.3120;25.3120;25.3120;28-Oct-2011
102141;ICICI Prudential Debt Management Fund (FOF) - Growth;INF109K01878;;15.5932;15.5932;15.5932;28-Oct-2011
102143;ICICI Prudential Debt Management Fund (FOF ) - IDCW;INF109K01FS0;INF109K01886;15.5932;15.5932;15.5932;28-Oct-2011
102139;ICICI Prudential Income Optimizer Fund (FOF) - Growth;INF109K01811;;19.1591;19.1591;19.1591;28-Oct-2011
102140;ICICI Prudential Income Optimizer Fund (FOF) - IDCW;INF109K01EB9;INF109K01829;19.1591;19.1591;19.1591;28-Oct-2011
102134;ICICI Prudential Passive Strategy Fund (FOF) - IDCW;INF109K01DW7;INF109K01803;31.3617;31.3617;31.3617;28-Oct-2011
102133;ICICI Prudential Passive Strategy Fund (FOF) - Growth;INF109K01795;;31.3617;31.3617;31.3617;28-Oct-2011
115833;ICICI Prudential Regular Gold Savings Fund (FOF) - Growth;INF109K01TK8;;10.2316;10.1293;10.2316;28-Oct-2011
115834;ICICI Prudential Regular Gold Savings Fund (FOF) - IDCW;INF109K01TM4;INF109K01TL6;10.2316;10.1293;10.2316;28-Oct-2011
102135;ICICI Prudential Thematic Advantage Fund (FOF) - Growth;INF109K01852;;35.2393;35.2393;35.2393;28-Oct-2011
102136;ICICI Prudential Thematic Advantage Fund (FOF) - IDCW;INF109K01FR2;INF109K01860;35.2393;35.2393;35.2393;28-Oct-2011

Kotak Mahindra Mutual Fund
114758;Kotak Gold Fund Growth;INF174K01AT3;;12.9347;12.676;12.9347;28-Oct-2011
114757;Kotak Gold Fund Payout of Income Distribution cum capital withdrawal option;INF174K01AU1;INF174K01AV9;12.9347;12.676;12.9347;28-Oct-2011
102574;Kotak Multi Asset Allocator Fund of Fund - Dynamic - Growth;INF174K01468;;34.019;33.679;34.019;28-Oct-2011
102573;Kotak Multi Asset Allocator Fund of Fund - Dynamic - Payout of Income Distribution cum capital withdrawal option;INF174K01484;INF174K01476;33.115;32.784;33.115;28-Oct-2011

Nippon India Mutual Fund
114617;NIPPON INDIA GOLD SAVINGS FUND - IDCW Option;INF204K01KO8;INF204K01KP5;13.0478;12.7868;13.0478;28-Oct-2011
114616;Nippon India Gold Savings Fund-Growth plan- Growth Option;INF204K01KN0;;13.0472;12.7863;13.0472;28-Oct-2011

Quantum Mutual Fund
112039;Quantum Equity Fund of Funds - Direct Plan Growth Option;INF082J01093;;13.1820;12.9800;13.1820;28-Oct-2011
112038;Quantum Equity Fund Of Funds - Direct Plan IDCW;INF082J01101;INF082J01119;13.1840;12.9900;13.1840;28-Oct-2011
115132;Quantum Gold Savings Fund - Direct Plan Growth Option;INF082J01150;;12.3419;12.1568;12.3419;28-Oct-2011

SBI Mutual Fund
115677;SBI Gold Fund - Regular Plan - Income Distribution cum Capital Withdrawal Option (IDCW);INF200K01HB9;INF200K01HC7;9.7159;9.6187;9.7159;28-Oct-2011
115676;SBI GOLD FUND REGULAR PLAN - GROWTH;INF200K01HA1;;9.7146;9.6175;9.7146;28-Oct-2011

Open Ended Schemes ( Equity Scheme - Flexi Cap Fund )


Aditya Birla Sun Life Mutual Fund
103166;Aditya Birla Sun Life Flexi Cap Fund - Growth - Regular Plan;INF209K01AJ8;;237.68;235.30;237.68;28-Oct-2011
103165;Aditya Birla Sun Life Flexi Cap Fund -Regular - IDCW;INF209K01AQ3;INF209K01DT1;59.87;59.27;59.87;28-Oct-2011

Bandhan Mutual Fund
108594;BANDHAN Flexi Cap Fund - Regular Plan - Growth;INF194K01391;;32.9840;32.9840;32.9840;28-Oct-2011
108595;BANDHAN Flexi Cap Fund - Regular Plan - IDCW;INF194K01409;INF194K01417;24.1626;24.1626;24.1626;28-Oct-2011

Canara Robeco Mutual Fund
101924;Canara Robeco Equity Diversified-Bonus Option;INF760K01043;;23.4300;23.4300;23.4300;28-Oct-2011
101922;CANARA ROBECO FLEXICAP FUND - REGULAR PLAN - GROWTH OPTION;INF760K01019;;53.6900;53.6900;53.6900;28-Oct-2011
101923;CANARA ROBECO FLEXICAP FUND - REGULAR PLAN - IDCW (Payout/Reinvestment);INF760K01027;INF760K01035;23.4000;23.4000;23.4000;28-Oct-2011

DSP Mutual Fund
105875;DSP Flexi Cap Fund - Regular Plan - Growth;INF740K01037;;15.613;15.457;15.613;28-Oct-2011
100080;DSP Flexi Cap Fund - Regular Plan - IDCW;INF740K01011;INF740K01029;45.866;45.407;45.866;28-Oct-2011

Franklin Templeton Mutual Fund
100520;Franklin India Flexi Cap Fund - Growth;INF090I01239;;217.9683;215.7886;217.9683;28-Oct-2011
100519;Franklin India Flexi Cap Fund - IDCW ;INF090I01213;INF090I01221;26.1819;25.9201;26.1819;28-Oct-2011

HDFC Mutual Fund
101762;HDFC Flexi Cap Fund - Growth Plan;INF179K01608;;255.947;253.388;255.947;28-Oct-2011
101763;HDFC Flexi Cap Fund - IDCW Plan;INF179K01582;INF179K01590;43.235;42.803;43.235;28-Oct-2011

HSBC Mutual Fund
102252;HSBC Flexi Cap Fund - Regular Growth;INF336L01AF5;;33.6399;33.3035;33.6399;28-Oct-2011
102251;HSBC Flexi Cap Fund - Regular IDCW;INF336L01AE8;INF336L01AD0;15.8476;15.6891;15.8476;28-Oct-2011

JM Financial Mutual Fund
109522;JM Flexicap Fund (Regular) - Growth option;INF192K01635;;12.1674;12.1674;12.1674;28-Oct-2011
109523;JM Flexicap Fund (Regular) - IDCW;INF192K01619;INF192K01627;11.3163;11.3163;11.3163;28-Oct-2011

Kotak Mahindra Mutual Fund
112090;Kotak Flexicap Fund - Growth;INF174K01336;;11.064;10.953;11.064;28-Oct-2011
112089;Kotak Flexicap Fund - Payout of Income Distribution cum capital withdrawal option;INF174K01351;INF174K01344;9.988;9.888;9.988;28-Oct-2011

LIC Mutual Fund
100313;LIC MF Flexi Cap Fund-Regular Plan-Growth;INF767K01071;;24.7582;24.5106;24.7582;28-Oct-2011
100312;LIC MF Flexi Cap Fund-Regular Plan-IDCW;INF767K01063;INF767K01055;9.7567;9.6591;9.7567;28-Oct-2011

quant Mutual Fund
109830;quant Flexi Cap Fund - Growth Option - Regular Plan;INF966L01457;;12.1186;11.9974;12.1186;28-Oct-2011
109831;quant Flexi Cap Fund - IDCW Option - Regular Plan;INF966L01432;INF966L01440;8.6790;8.5922;8.6790;28-Oct-2011

SBI Mutual Fund
103216;SBI Flexicap Fund - Regular Plan - Income Distribution cum Capital Withdrawal Option (IDCW);INF200K01230;INF200K01248;12;11.88;12;28-Oct-2011
103215;SBI Flexicap Fund - REGULAR PLAN -Growth Option;INF200K01222;;15.79;15.63;15.79;28-Oct-2011

Taurus Mutual Fund
100476;Taurus Flexi Cap Fund - Regular Plan - Growth ;INF044D01989;;55.33;54.78;55.33;28-Oct-2011
111640;Taurus Flexi Cap Fund - Regular Plan - Payout of Income Distribution cum Capital Withdrawal option;INF044D01955;INF044D01963;38.95;38.56;38.95;28-Oct-2011

Union Mutual Fund
115270;Union Flexi Cap Fund - Growth Option;INF582M01104;;9.58;9.48;9.58;28-Oct-2011
115290;Union Flexi Cap Fund - IDCW Option;INF582M01120;INF582M01112;9.58;9.48;9.58;28-Oct-2011

UTI Mutual Fund
100669;UTI - Flexi Cap Fund-Growth Option;INF789F01513;;53.33;53.33;53.33;28-Oct-2011
100668;UTI Flexi Cap Fund - Regular Plan - IDCW;INF189A01053;INF789F01505;47.13;47.13;47.13;28-Oct-2011

Close Ended Schemes ( Income )


Aditya Birla Sun Life Mutual Fund
112379;Birla Sun Life Capital Protection Oriented Fund-Series 1-GROWTH;INF209K01BW9;;10.7916;10.7916;10.7916;28-Oct-2011
112892;Birla Sun Life Capital Protection Oriented Fund - Series 2 - Growth;INF209K01EJ0;;10.3237;10.3237;10.3237;28-Oct-2011
114469;Birla Sun Life Capital Protection Oriented Fund-Series 3-Growth;INF209K01FS8;;10.9089;10.9089;10.9089;28-Oct-2011
114470;Birla Sun Life Capital Protection Oriented Fund-Series 4-Growth;INF209K01FR0;;10.6596;10.6596;10.6596;28-Oct-2011
114735;Birla Sun Life Capital Protection Oriented Fund - Series 5 - Growth;INF209K01GV0;;10.3805;10.3805;10.3805;28-Oct-2011
115226;Birla Sun Life Capital Protection Oriented Fund-Series 6-Growth;INF209K01IE2;;10.3957;10.3957;10.3957;28-Oct-2011
115707;Birla Sun Life Capital Protection Oriented Fund-Series 7-Growth;INF209K01JK7;;10.9180;10.9180;10.9180;28-Oct-2011
114200;Birla Sun Life Fixed Term Plan - Series CG/Dividend;;;10.8184;10.8184;10.8184;28-Oct-2011
114199;Birla Sun Life Fixed Term Plan - Series CG/Growth;;;10.8184;10.8184;10.8184;28-Oct-2011
114259;Birla Sun Life Fixed Term Plan-Series CH-Dividend;INF209K01FC2;;10.8553;10.8553;10.8553;28-Oct-2011
114260;Birla Sun Life Fixed Term Plan-Series CH-Growth;INF209K01FB4;;10.8553;10.8553;10.8553;28-Oct-2011
114299;Birla Sun Life Fixed Term Plan - Series CI-Dividend;;;10.7762;10.7762;10.7762;28-Oct-2011
114298;Birla Sun Life Fixed Term Plan - Series CI-Growth;;;10.7762;10.7762;10.7762;28-Oct-2011
114317;Birla Sun Life Fixed Term Plan - Series CJ-Dividend;;;10.4329;10.4329;10.4329;28-Oct-2011
114316;Birla Sun Life Fixed Term Plan - Series CJ-Growth;;;10.7814;10.7814;10.7814;28-Oct-2011
114407;Birla Sun Life Fixed Term Plan-Series CK-Dividend;;;10.4373;10.4373;10.4373;28-Oct-2011
114406;Birla Sun Life Fixed Term Plan-Series CK-Growth;;;10.7360;10.7360;10.7360;28-Oct-2011
114450;Birla Sun Life Fixed Term Plan-Series CL-Dividend;INF209K01FQ2;;10.4415;10.4415;10.4415;28-Oct-2011
114451;Birla Sun Life Fixed Term Plan-Series CL-Growth;INF209K01FP4;;10.7398;10.7398;10.7398;28-Oct-2011
114480;Birla Sun Life Fixed Term Plan-Series CM-Dividend;INF209K01FU4;;10.4345;10.4345;10.4345;28-Oct-2011
114481;Birla Sun Life Fixed Term Plan-Series CM-Growth;INF209K01FT6;;10.7153;10.7153;10.7153;28-Oct-2011
114548;Birla Sun Life Fixed Term Plan-Series CN - Dividend;INF209K01FY6;;10.6854;10.6854;10.6854;28-Oct-2011
114549;Birla Sun Life Fixed Term Plan-Series CN - Growth;INF209K01FX8;;10.6854;10.6854;10.6854;28-Oct-2011
114615;Birla Sun Life Fixed Term Plan - Series CO - Dividend;INF209K01GE6;;10.4551;10.4551;10.4551;28-Oct-2011
114614;Birla Sun Life Fixed Term Plan - Series CO - Growth;INF209K01GD8;;10.7075;10.7075;10.7075;28-Oct-2011
114624;Birla Sun Life Fixed Term Plan - Series CP - Dividend;INF209K01GG1;;10.6814;10.6814;10.6814;28-Oct-2011
114623;Birla Sun Life Fixed Term Plan - Series CP - Growth;INF209K01GF3;;10.6814;10.6814;10.6814;28-Oct-2011
114643;Birla Sun Life Fixed Term Plan - Series CQ - Dividend;INF209K01GI7;;10.6739;10.6739;10.6739;28-Oct-2011
114644;Birla Sun Life Fixed Term Plan - Series CQ - Growth;INF209K01GH9;;10.6739;10.6739;10.6739;28-Oct-2011
114688;Birla Sun Life Fixed Term Plan - Series CR - Dividend;INF209K01GQ0;;10.6686;10.6686;10.6686;28-Oct-2011
114689;Birla Sun Life Fixed Term Plan - Series CR - Growth;INF209K01GP2;;10.6686;10.6686;10.6686;28-Oct-2011
114706;Birla Sun Life Fixed Term Plan - Series CS - Dividend;INF209K01GO5;;10.6302;10.6302;10.6302;28-Oct-2011
114707;Birla Sun Life Fixed Term Plan - Series CS - Growth;INF209K01GN7;;10.6302;10.6302;10.6302;28-Oct-2011
114800;Birla Sun Life Fixed Term Plan - Series CT - Dividend;INF209K01GU2;;10.6451;10.6451;10.6451;28-Oct-2011
114801;Birla Sun Life Fixed Term Plan - Series CT - Growth;INF209K01GT4;;10.6451;10.6451;10.6451;28-Oct-2011
114802;Birla Sun Life Fixed Term Plan - Series CU - Dividend;INF209K01GZ1;;10.6178;10.6178;10.6178;28-Oct-2011
114803;Birla Sun Life Fixed Term Plan - Series CU - Growth;INF209K01GY4;;10.6178;10.6178;10.6178;28-Oct-2011
114863;Birla Sun Life Fixed Term Plan - Series CV - Growth;INF209K01HA2;;10.5775;10.5775;10.5775;28-Oct-2011
114864;Birla Sun Life Fixed Term Plan-Series CV-Dividend;INF209K01HB0;;10.5775;10.5775;10.5775;28-Oct-2011
115001;Birla Sun Life Fixed Term Plan - Series CW - Dividend;INF209K01HH7;;10.6216;10.6216;10.6216;28-Oct-2011
115002;Birla Sun Life Fixed Term Plan - Series CW - Growth;INF209K01HG9;;10.6216;10.6216;10.6216;28-Oct-2011
115028;Birla Sun Life Fixed Term Plan - Series CX - Dividend;INF209K01HJ3;;10.5599;10.5599;10.5599;28-Oct-2011
115029;Birla Sun Life Fixed Term Plan - Series CX - Growth;INF209K01HI5;;10.5599;10.5599;10.5599;28-Oct-2011
115123;Birla Sun Life Fixed Term Plan - Series CY - Dividend;INF209K01HX4;;10.4821;10.4821;10.4821;28-Oct-2011
115124;Birla Sun Life Fixed Term Plan - Series CY - Growth;INF209K01HW6;;10.4821;10.4821;10.4821;28-Oct-2011
115125;Birla Sun Life Fixed Term Plan - Series CZ - Dividend;INF209K01HV8;;10.4225;10.4225;10.4225;28-Oct-2011
115126;Birla Sun Life Fixed Term Plan - Series CZ - Growth;INF209K01HU0;;10.4225;10.4225;10.4225;28-Oct-2011
115146;Birla Sun Life Fixed Term Plan - Series DA - Dividend;INF209K01HZ9;;10.4170;10.4170;10.4170;28-Oct-2011
115145;Birla Sun Life Fixed Term Plan - Series DA - Growth;INF209K01HY2;;10.4170;10.4170;10.4170;28-Oct-2011
115164;Birla Sun Life Fixed Term Plan - Series DB - Dividend;INF209K01IB8;;10.4337;10.4337;10.4337;28-Oct-2011
115165;Birla Sun Life Fixed Term Plan-Series DB-Growth;INF209K01IA0;;10.4337;10.4337;10.4337;28-Oct-2011
115233;Birla Sun Life Fixed Term Plan-Series DC-Dividend;INF209K01II3;;10.4013;10.4013;10.4013;28-Oct-2011
115234;Birla Sun Life Fixed Term Plan-Series DC-Growth;INF209K01IH5;;10.4013;10.4013;10.4013;28-Oct-2011
115295;Birla Sun Life Fixed Term Plan-Series DD-Dividend;INF209K01IG7;;10.3935;10.3935;10.3935;28-Oct-2011
115296;Birla Sun Life Fixed Term Plan-Series DD-Growth;INF209K01IF9;;10.3935;10.3935;10.3935;28-Oct-2011
115556;Birla Sun Life Fixed Term Plan-Series DE-Dividend;INF209K01IT0;;10.2848;10.2848;10.2848;28-Oct-2011
115557;Birla Sun Life Fixed Term Plan-Series DE-Growth;INF209K01IS2;;10.2848;10.2848;10.2848;28-Oct-2011
115583;Birla Sun Life Fixed Term Plan - Series DF;INF209K01IW4;;10.1952;10.1952;10.1952;28-Oct-2011
115584;Birla Sun Life Fixed Term Plan-Series DG-Dividend;INF209K01IV6;;10.2242;10.2242;10.2242;28-Oct-2011
115585;Birla Sun Life Fixed Term Plan-Series DG-Growth;INF209K01IU8;;10.2242;10.2242;10.2242;28-Oct-2011
115594;Birla Sun Life Fixed Term Plan-Series DH-Dividend;INF209K01IY0;;10.2486;10.2486;10.2486;28-Oct-2011
115595;Birla Sun Life Fixed Term Plan-Series DH-Growth;INF209K01IX2;;10.2486;10.2486;10.2486;28-Oct-2011
115602;Birla Sun Life Fixed Term Plan-Series DI-Dividend;INF209K01JA8;;10.2113;10.2113;10.2113;28-Oct-2011
115603;Birla Sun Life Fixed Term Plan-Series DI-Growth;INF209K01IZ7;;10.2113;10.2113;10.2113;28-Oct-2011
115637;Birla Sun Life Fixed Term Plan-Series DJ-Dividend;INF209K01JE0;;10.1819;10.1819;10.1819;28-Oct-2011
115638;Birla Sun Life Fixed Term Plan-Series DJ-Growth;INF209K01JD2;;10.1819;10.1819;10.1819;28-Oct-2011
115644;Birla Sun Life Fixed Term Plan-Series DK-Dividend;INF209K01JG5;;10.1817;10.1817;10.1817;28-Oct-2011
115643;Birla Sun Life Fixed Term Plan-Series DK-Growth;INF209K01JF7;;10.1817;10.1817;10.1817;28-Oct-2011
115801;Birla Sun Life Fixed Term Plan-Series DL-Dividend;INF209K01JJ9;;10.1028;10.1028;10.1028;28-Oct-2011
115802;Birla Sun Life Fixed Term Plan-Series DL-Growth;INF209K01JI1;;10.1028;10.1028;10.1028;28-Oct-2011
115803;Birla Sun Life Fixed Term Plan-Series DM;INF209K01JH3;;10.0543;10.0543;10.0543;28-Oct-2011
115841;Birla Sun Life Fixed Term Plan-Series DN-Dividend;INF209K01JM3;;10.0850;10.0850;10.0850;28-Oct-2011
115842;Birla Sun Life Fixed Term Plan-Series DN-Growth;INF209K01JL5;;10.0850;10.0850;10.0850;28-Oct-2011
115876;Birla Sun Life Fixed Term Plan-Series DO-Dividend;INF209K01JQ4;;10.0483;10.0483;10.0483;28-Oct-2011
115875;Birla Sun Life Fixed Term Plan-Series DO-Growth;INF209K01JP6;;10.0483;10.0483;10.0483;28-Oct-2011
115878;Birla Sun Life Fixed Term Plan-Series DP-Dividend;INF209K01JS0;;10.0312;10.0312;10.0312;28-Oct-2011
115877;Birla Sun Life Fixed Term Plan-Series DP-Growth;INF209K01JR2;;10.0312;10.0312;10.0312;28-Oct-2011
115921;Birla Sun Life Fixed Term Plan-Series DQ-Dividend;INF209K01LP2;;10.0401;10.0401;10.0401;28-Oct-2011
115922;Birla Sun Life Fixed Term Plan-Series DQ-Growth;INF209K01LO5;;10.0401;10.0401;10.0401;28-Oct-2011
112138;Birla Sun Life Fixed Term Plan Series BV - Growth;INF209K01082;;11.7111;11.7111;11.7111;28-Oct-2011
106412;Aditya Birla Sun Life Interval Income Fund - Quarterly Series 1 - Growth - Regular Plan;INF209K01HN5;;13.5556;13.4200;13.5556;28-Oct-2011
106413;Aditya Birla Sun Life Interval Income Fund - Quarterly Series 1 - institutional - IDCW;INF209K01HR6;INF209K01HS4;10.1618;10.0602;10.1618;28-Oct-2011
106411;Aditya Birla Sun Life Interval Income Fund - Quarterly Series 1 - Regular - IDCW;INF209K01HO3;INF209K01HP0;10.1618;10.0602;10.1618;28-Oct-2011
106414;Aditya Birla Sun Life Interval Income Fund - Quarterly Series I- Institutional Growth;INF209K01HQ8;;11.0568;10.9462;11.0568;28-Oct-2011
107308;Aditya Birla Sun Life Quarterly Interval Fund - Series 4 DIVIDEND;INF209K01HL9;INF209K01HM7;10.0855;9.9846;10.0855;28-Oct-2011
107307;Aditya Birla Sun Life Quarterly Interval Fund - Series 4 GROWTH;INF209K01HK1;;13.2735;13.1408;13.2735;28-Oct-2011
115174;Birla Sun Life Short Term FMP - Series 14 - Dividend;;;10.4449;10.4449;10.4449;28-Oct-2011
115175;Birla Sun Life Short Term FMP - Series 14 - Growth;;;10.4449;10.4449;10.4449;28-Oct-2011
115297;Birla Sun Life Short Term FMP- Series 15-Dividend;;;10.4016;10.4016;10.4016;28-Oct-2011
115298;Birla Sun Life Short Term FMP- Series 15-Growth;;;10.4016;10.4016;10.4016;28-Oct-2011
115414;Birla Sun Life Short Term FMP- Series 17-Dividend;;;10.3537;10.3537;10.3537;28-Oct-2011
115413;Birla Sun Life Short Term FMP- Series 17-Growth;;;10.3537;10.3537;10.3537;28-Oct-2011
115415;Birla Sun Life Short Term FMP- Series 18-Dividend;INF209K01IQ6;;10.3131;10.3131;10.3131;28-Oct-2011
115416;Birla Sun Life Short Term FMP- Series 18-Growth;INF209K01IP8;;10.3131;10.3131;10.3131;28-Oct-2011
115604;Birla Sun Life Short Term FMP- Series 19-Dividend;INF209K01JC4;;10.2342;10.2342;10.2342;28-Oct-2011
115605;Birla Sun Life Short Term FMP- Series 19-Growth;INF209K01JB6;;10.2342;10.2342;10.2342;28-Oct-2011
115843;Birla Sun Life Short Term FMP- Series 20-Dividend;INF209K01JO9;;10.0972;10.0972;10.0972;28-Oct-2011
115844;Birla Sun Life Short Term FMP- Series 20-Growth;INF209K01JN1;;10.0972;10.0972;10.0972;28-Oct-2011
115980;Birla Sun Life Short Term FMP- Series 21-Dividend;INF209K01ML9;;10.0234;10.0234;10.0234;28-Oct-2011
115981;Birla Sun Life Short Term FMP- Series 21-Growth;INF209K01MK1;;10.0234;10.0234;10.0234;28-Oct-2011

Axis Mutual Fund
114417;Axis Fixed Term Plan - Series 11 (371 days) - Dividend;INF846K01800;;10.7128;10.7128;10.7128;28-Oct-2011
114416;Axis Fixed Term Plan - Series 11 (371 days) - Growth;INF846K01792;;10.7128;10.7128;10.7128;28-Oct-2011
114461;Axis Fixed Term Plan - Series 11 (371 days) - Quarterly Dividend;INF846K01818;;10.1695;10.1695;10.1695;28-Oct-2011
114604;Axis Fixed Term Plan - Series 12 (367 days) - Dividend;INF846K01834;;10.6993;10.6993;10.6993;28-Oct-2011
114602;Axis Fixed Term Plan - Series 12 (367 days) - Growth;INF846K01826;.;10.6993;10.6993;10.6993;28-Oct-2011
114603;Axis Fixed Term Plan - Series 12 (367 days) - Quarterly Dividend;INF846K01842;;10.1668;10.1668;10.1668;28-Oct-2011
114912;Axis Fixed Term Plan - Series 13 (370 days) - Dividend;INF846K01891;;10.6068;10.6068;10.6068;28-Oct-2011
114913;Axis Fixed Term Plan - Series 13 (370 days) - Growth;INF846K01883;;10.6068;10.6068;10.6068;28-Oct-2011
114914;Axis Fixed Term Plan - Series 13 (370 days) - Quarterly Dividend;INF846K01909;;10.1891;10.1891;10.1891;28-Oct-2011
115455;Axis Fixed Term Plan - Series 14 (368 days) - Dividend Option;INF846K01974;;10.3142;10.3142;10.3142;28-Oct-2011
115457;Axis Fixed Term Plan - Series 14 (368 Days) - Growth Option;INF846K01966;;10.3142;10.3142;10.3142;28-Oct-2011
115456;Axis Fixed Term Plan - Series 14 (368 days) - Quarterly Dividend Option;INF846K01982;;10.1629;10.1629;10.1629;28-Oct-2011
115765;Axis Fixed Term Plan - Series 15 (370 days) - Dividend Option;INF846K01AE8;;10.1170;10.1170;10.1170;28-Oct-2011
115764;Axis Fixed Term Plan - Series 15 (370 days) - Growth Option;INF846K01AD0;;10.1170;10.1170;10.1170;28-Oct-2011
115766;Axis Fixed Term Plan - Series 15 (370 days) - Quarterly Dividend Option;INF846K01AF5;;10.1170;10.1170;10.1170;28-Oct-2011
115865;Axis Fixed Term Plan - Series 16 (370 Days) - Dividend Option;INF846K01AJ7;;10.0743;10.0743;10.0743;28-Oct-2011
115867;Axis Fixed Term Plan - Series 16 (370 Days) - Growth Option;INF846K01AI9;;10.0743;10.0743;10.0743;28-Oct-2011
115866;Axis Fixed Term Plan - Series 16 (370 Days) - Quarterly Dividend Option;INF846K01AK5;;10.0743;10.0743;10.0743;28-Oct-2011
115613;Axis Hybrid Fund -  Series 1 - Growth Option;INF846K01990;;11.6997;11.6997;11.6997;28-Oct-2011
115612;Axis Hybrid Fund - Series 1 - Dividend Option;INF846K01AA6;;11.6995;11.6995;11.6995;28-Oct-2011
115706;Axis Hybrid Fund - Series 2 - Dividend Option;INF846K01AC2;;11.7317;11.7317;11.7317;28-Oct-2011
115705;Axis Hybrid Fund - Series 2 - Growth Option;INF846K01AB4;;11.7335;11.7335;11.7335;28-Oct-2011
115848;Axis Hybrid Fund - Series 3 - Dividend;INF846K01AH1;;11.7977;11.7977;11.7977;28-Oct-2011
115847;Axis Hybrid Fund - Series 3- Growth Option;INF846K01AG3;;11.7977;11.7977;11.7977;28-Oct-2011

Bandhan Mutual Fund
112666;IDFC Capital Protection Oriented Fund - Series I Dividend;INF194K01797;;10.6471;10.6471;10.6471;28-Oct-2011
112665;IDFC Capital Protection Oriented Fund - Series I Growth;INF194K01789;;10.6471;10.6471;10.6471;28-Oct-2011
112934;IDFC Capital Protection Oriented Fund - Series II-Dividend;INF194K01896;;10.4800;10.4800;10.4800;28-Oct-2011
112935;IDFC Capital Protection Oriented Fund - Series II-Growth;INF194K01888;;10.4800;10.4800;10.4800;28-Oct-2011
113082;IDFC Capital Protection Oriented Fund - Series III - Dividend Plan;INF194K01912;;10.3682;10.3682;10.3682;28-Oct-2011
113083;IDFC Capital Protection Oriented Fund - Series III - Growth Plan;INF194K01904;;10.3682;10.3682;10.3682;28-Oct-2011
115143;IDFC FMP - 200days - S1 - Dividend;;;10.0727;10.0727;10.0727;28-Oct-2011
115144;IDFC FMP - 200days - S1 - Growth;;;10.4550;10.4550;10.4550;28-Oct-2011
115228;IDFC FMP - 200days - S2 -Dividend;INF194K01BL6;;10.0742;10.0742;10.0742;28-Oct-2011
115227;IDFC FMP - 200days - S2 -Growth;INF194K01DB3;;10.4149;10.4149;10.4149;28-Oct-2011
113408;IDFC FMP EMS 7 Dividend;INF194K01AV7;;10.5787;10.5787;10.5787;28-Oct-2011
113409;IDFC FMP EMS 7 Growth;INF194K01AU9;;10.7868;10.7868;10.7868;28-Oct-2011
115782;IDFC- FMP- QS 64 -Dividend;;;10.1141;10.1141;10.1141;28-Oct-2011
115781;IDFC- FMP- QS 64 -Growth;;;10.1141;10.1141;10.1141;28-Oct-2011
115821;IDFC FMP -QS 65 - Dividend;;;10.0982;10.0982;10.0982;28-Oct-2011
115820;IDFC FMP -QS 65 - Growth;;;10.0982;10.0982;10.0982;28-Oct-2011
114727;IDFC FMP - 17 MS -3 - Dividend;INF194K01CE9;;10.5823;10.5823;10.5823;28-Oct-2011
114726;IDFC FMP- 17 MS - 3  - Growth;INF194K01CD1;;10.6050;10.6050;10.6050;28-Oct-2011
114597;IDFC FMP - 16-MS - 3 - Dividend;INF194K01BX1;;10.5599;10.5599;10.5599;28-Oct-2011
114596;IDFC FMP - 16-MS - 3 - Growth;INF194K01BW3;;10.6371;10.6371;10.6371;28-Oct-2011
114429;IDFC FMP - 36 MS 2 - Dividend;INF194K01BJ0;;10.5465;10.5465;10.5465;28-Oct-2011
114428;IDFC FMP - 36 MS 2 - Growth;INF194K01BI2;;10.6656;10.6656;10.6656;28-Oct-2011
114413;IDFC FMP-YS-35   -Dividend;INF194K01BH4;;10.0699;10.0699;10.0699;28-Oct-2011
114412;IDFC FMP-YS-35   -Growth;INF194K01BG6;;10.7406;10.7406;10.7406;28-Oct-2011
114507;IDFC FMP- YS - 36   -Dividend;INF194K01BP7;;10.0722;10.0722;10.0722;28-Oct-2011
114506;IDFC FMP- YS - 36   -Growth;INF194K01BO0;;10.7198;10.7198;10.7198;28-Oct-2011
114589;IDFC FMP - YS - 37  -Dividend;INF194K01BT9;;10.0723;10.0723;10.0723;28-Oct-2011
114588;IDFC FMP - YS - 37  -Growth;INF194K01BS1;;10.7030;10.7030;10.7030;28-Oct-2011
114609;IDFC FMP - YS - 38 - Dividend;INF194K01BV5;;10.0736;10.0736;10.0736;28-Oct-2011
114608;IDFC FMP - YS - 38 - Growth;INF194K01BU7;;10.6844;10.6844;10.6844;28-Oct-2011
114705;IDFC FMP - YS - 39  -Dividend;INF194K01CG4;;10.0741;10.0741;10.0741;28-Oct-2011
114704;IDFC FMP - YS - 39  -Growth;INF194K01CF6;;10.6454;10.6454;10.6454;28-Oct-2011
114771;IDFC FMP - YS - 40 - Dividend;INF194K01CI0;;10.0758;10.0758;10.0758;28-Oct-2011
114770;IDFC FMP - YS - 40 - Growth;INF194K01CH2;;10.6372;10.6372;10.6372;28-Oct-2011
114841;IDFC FMP - YS - 41 - Dividend;INF194K01CO8;;10.0739;10.0739;10.0739;28-Oct-2011
114840;IDFC FMP - YS - 41 - Growth;INF194K01CN0;;10.6145;10.6145;10.6145;28-Oct-2011
114922;IDFC FMP - YS - 42 - Dividend;INF194K01CW1;;10.0815;10.0815;10.0815;28-Oct-2011
114921;IDFC FMP - YS - 42 - Growth;INF194K01CV3;;10.6090;10.6090;10.6090;28-Oct-2011
115411;IDFC FMP - YS - 43 - Dividend;INF194K01DE7;;10.0718;10.0718;10.0718;28-Oct-2011
115412;IDFC FMP - YS - 43 - Growth;INF194K01DD9;;10.3215;10.3215;10.3215;28-Oct-2011
115523;IDFC FMP- YS - 44 - Dividend;INF194K01DG2;;10.0698;10.0698;10.0698;28-Oct-2011
115522;IDFC FMP- YS - 44 - Growth;INF194K01DF4;;10.2586;10.2586;10.2586;28-Oct-2011
115617;IDFC FMP - YS - 45 -Dividend;INF194K01DI8;;10.0711;10.0711;10.0711;28-Oct-2011
115618;IDFC FMP - YS - 45 -Growth;INF194K01DH0;;10.2196;10.2196;10.2196;28-Oct-2011
115657;IDFC FMP - YS 46  -Dividend;INF194K01DK4;;10.0698;10.0698;10.0698;28-Oct-2011
115656;IDFC FMP - YS 46  -Growth;INF194K01DJ6;;10.1609;10.1609;10.1609;28-Oct-2011
115963;IDFC FMP YS 52 - Dividend;INF194K01SQ9;;10.0209;10.0209;10.0209;28-Oct-2011
115962;IDFC FMP YS 52 - Growth;INF194K01SP1;;10.0209;10.0209;10.0209;28-Oct-2011
113390;IDFC Savings Scheme - Series I Dividend;INF194K01AR5;;9.9603;9.9603;9.9603;28-Oct-2011
113391;IDFC Savings Scheme - Series I Growth;INF194K01AQ7;;9.9603;9.9603;9.9603;28-Oct-2011

Baroda BNP Paribas Mutual Fund
115529;Baroda Pioneer 367 Day Fixed Maturity Plan - Series 1 - Dividend Option;INF955L01104;;10.3100;10.3100;10.3100;28-Oct-2011
115530;Baroda Pioneer 367 Day Fixed Maturity Plan - Series 1 - Growth Option;INF955L01096;;10.3100;10.3100;10.3100;28-Oct-2011
115974;Baroda Pioneer 367 Day Fixed Maturity Plan - Series 2 - Dividend Payout Option;INF955L01716;;10.0234;10.0234;10.0234;28-Oct-2011
115975;Baroda Pioneer 367 Day Fixed Maturity Plan - Series 2 - Growth Option;INF955L01724;;10.0234;10.0234;10.0234;28-Oct-2011
114934;Baroda Pioneer 380 Day Fixed Maturity plan - Series 1 - Dividend Option;INF955L01047;;10.4282;10.4282;10.4282;28-Oct-2011
114935;Baroda Pioneer 380 Day Fixed Maturity plan - Series 1 - Growth Option;INF955L01039;;10.6182;10.6182;10.6182;28-Oct-2011
115862;Baroda Pioneer 90 Day Fixed Maturity Plan - Series 4 - Dividend Payout Option;INF955L01120;;10.0996;10.0996;10.0996;28-Oct-2011
115861;Baroda Pioneer 90 Day Fixed Maturity Plan - Series 4 - Growth Option;INF955L01112;;10.0996;10.0996;10.0996;28-Oct-2011

BNP Paribas Mutual Fund
114256;BNP Paribas Fixed Term Fund-Sr 19 B-Dividend-Calendar Qtrly;;;0.0000;0.0000;0.0000;28-Oct-2011
114257;BNP Paribas Fixed Term Fund-Sr 19 B-Dividend-Calendar Yrly;;;0.0000;0.0000;0.0000;28-Oct-2011
114258;BNP Paribas Fixed Term Fund-Sr 19 B-Dividend-On Maturity;;;10.8167;10.8167;10.8167;28-Oct-2011
114255;BNP Paribas Fixed Term Fund-Sr 19 B-Growth;;;10.8167;10.8167;10.8167;28-Oct-2011
114265;BNP Paribas Fixed Term Fund-Sr 19 D-Dividend-Calendar Qtrly;;;10.0860;10.0860;10.0860;28-Oct-2011
114264;BNP Paribas Fixed Term Fund-Sr 19 D-Dividend-Calendar Yrly;;;10.5911;10.5911;10.5911;28-Oct-2011
114266;BNP Paribas Fixed Term Fund-Sr 19 D-Dividend-On Maturity;;;10.8038;10.8038;10.8038;28-Oct-2011
114267;BNP Paribas Fixed Term Fund-Sr 19 D-Growth;;;10.8038;10.8038;10.8038;28-Oct-2011
114435;BNP Paribas Fixed Term Fund-Sr 20 A-Dividend-Calendar Qtrly;INF251K01704;;10.1028;10.1028;10.1028;28-Oct-2011
114432;BNP Paribas Fixed Term Fund-Sr 20 A-Dividend-Calendar Yrly;INF251K01712;;10.5898;10.5898;10.5898;28-Oct-2011
114434;BNP Paribas Fixed Term Fund-Sr 20 A-Dividend-On Maturity;INF251K01720;;10.7358;10.7358;10.7358;28-Oct-2011
114433;BNP Paribas Fixed Term Fund-Sr 20 A-Growth;INF251K01738;;10.7358;10.7358;10.7358;28-Oct-2011
114606;BNP Paribas Fixed Term Fund-Sr 20 C - Calendar Quarterly Dividend Option;INF251K01779;;10.1580;10.1580;10.1580;28-Oct-2011
114681;BNP Paribas Fixed Term Fund-Sr 20 C - Calendar Yearly Dividend Option;INF251K01787;;10.6430;10.6430;10.6430;28-Oct-2011
114607;BNP Paribas Fixed Term Fund-Sr 20 C - Dividend On Maturity Option;INF251K01795;;10.7560;10.7560;10.7560;28-Oct-2011
114605;BNP Paribas Fixed Term Fund-Sr 20 C - Growth Option;INF251K01803;;10.7435;10.7435;10.7435;28-Oct-2011
114694;BNP Paribas Fixed Term Fund-Sr 21 B-Dividend-Calendar Qtrly;INF251K01AH4;;10.1152;10.1152;10.1152;28-Oct-2011
114695;BNP Paribas Fixed Term Fund-Sr 21 B-Dividend-Calendar Yrly;INF251K01AI2;;10.6171;10.6171;10.6171;28-Oct-2011
114696;BNP Paribas Fixed Term Fund-Sr 21 B-Dividend-On Maturity;INF251K01AJ0;;10.6819;10.6819;10.6819;28-Oct-2011
114697;BNP Paribas Fixed Term Fund-Sr 21 B-Growth;INF251K01AK8;;10.6819;10.6819;10.6819;28-Oct-2011
114747;BNP Paribas Fixed Term Fund-Sr 21 D-Dividend-Calendar Qtrly;INF251K01AS1;;0.0000;0.0000;0.0000;28-Oct-2011
114744;BNP Paribas Fixed Term Fund-Sr 21 D-Dividend-Calendar Yrly;INF251K01AT9;;0.0000;0.0000;0.0000;28-Oct-2011
114745;BNP Paribas Fixed Term Fund-Sr 21 D-Dividend-On Maturity;INF251K01AU7;;0.0000;0.0000;0.0000;28-Oct-2011
114746;BNP Paribas Fixed Term Fund-Sr 21 D-Growth;INF251K01AV5;;10.6333;10.6333;10.6333;28-Oct-2011
114763;BNP Paribas Fixed Term Fund-Sr 21 E-Dividend-Calendar Qtrly;INF251K01AL6;;10.1445;10.1445;10.1445;28-Oct-2011
114766;BNP Paribas Fixed Term Fund-Sr 21 E-Dividend-Calendar Yrly;INF251K01AM4;;10.6789;10.6789;10.6789;28-Oct-2011
114765;BNP Paribas Fixed Term Fund-Sr 21 E-Dividend-On Maturity;INF251K01AN2;;10.7153;10.7153;10.7153;28-Oct-2011
114764;BNP Paribas Fixed Term Fund-Sr 21 E-Growth;INF251K01AO0;;10.7153;10.7153;10.7153;28-Oct-2011
114867;BNP Paribas Fixed Term Fund-Sr 21 F-Dividend-Calendar Qtrly;INF251K01AZ6;;10.1732;10.1732;10.1732;28-Oct-2011
114868;BNP Paribas Fixed Term Fund-Sr 21 F-Dividend-Calendar Yrly;INF251K01BA7;;10.6998;10.6998;10.6998;28-Oct-2011
114869;BNP Paribas Fixed Term Fund-Sr 21 F-Dividend-On Maturity;INF251K01BB5;;10.6998;10.6998;10.6998;28-Oct-2011
114870;BNP Paribas Fixed Term Fund-Sr 21 F-Growth;INF251K01BC3;;10.6998;10.6998;10.6998;28-Oct-2011
114960;BNP Paribas Fixed Term Fund-Sr 21 G-Dividend-Calendar Qtrly;INF251K01BD1;;10.1228;10.1228;10.1228;28-Oct-2011
114961;BNP Paribas Fixed Term Fund-Sr 21 G-Dividend-Calendar Yrly;INF251K01BE9;;10.6065;10.6065;10.6065;28-Oct-2011
114962;BNP Paribas Fixed Term Fund-Sr 21 G-Dividend-On Maturity;INF251K01BF6;;10.6066;10.6066;10.6066;28-Oct-2011
114959;BNP Paribas Fixed Term Fund-Sr 21 G-Growth;INF251K01BG4;;10.6066;10.6066;10.6066;28-Oct-2011
115034;BNP Paribas Fixed Term Fund-Sr 21 H-Dividend-Calendar Qtrly;INF251K01BH2;;10.1539;10.1539;10.1539;28-Oct-2011
115035;BNP Paribas Fixed Term Fund-Sr 21 H-Dividend-Calendar Yrly;INF251K01BI0;;10.6401;10.6401;10.6401;28-Oct-2011
115036;BNP Paribas Fixed Term Fund-Sr 21 H-Dividend-On Maturity;INF251K01BJ8;;10.6401;10.6401;10.6401;28-Oct-2011
115037;BNP Paribas Fixed Term Fund-Sr 21 H-Growth;INF251K01BK6;;10.6401;10.6401;10.6401;28-Oct-2011
115142;BNP Paribas Fixed Term Fund-Sr 22 A-Dividend-Calendar Qtrly;INF251K01BS9;;10.1494;10.1494;10.1494;28-Oct-2011
115141;BNP Paribas Fixed Term Fund-Sr 22 A-Dividend-Calendar Yrly;INF251K01BT7;;10.5185;10.5185;10.5185;28-Oct-2011
115139;BNP Paribas Fixed Term Fund-Sr 22 A-Dividend-On Maturity;INF251K01BU5;;10.5185;10.5185;10.5185;28-Oct-2011
115140;BNP Paribas Fixed Term Fund-Sr 22 A-Growth;INF251K01BV3;;10.5185;10.5185;10.5185;28-Oct-2011
115494;BNP Paribas Fixed Term Fund-Sr 22 B-Dividend-Calendar Qtrly;INF251K01BW1;;0.0000;0.0000;0.0000;28-Oct-2011
115495;BNP Paribas Fixed Term Fund-Sr 22 B-Dividend-Calendar Yrly;INF251K01BX9;;0.0000;0.0000;0.0000;28-Oct-2011
115496;BNP Paribas Fixed Term Fund-Sr 22 B-Dividend-On Maturity;INF251K01BY7;;0.0000;0.0000;0.0000;28-Oct-2011
115497;BNP Paribas Fixed Term Fund-Sr 22 B-Growth;INF251K01BZ4;;10.3058;10.3058;10.3058;28-Oct-2011
115582;BNP Paribas Fixed Term Fund-Sr 22 C-Dividend-Calendar Qtrly;INF251K01CA5;;0.0000;0.0000;0.0000;28-Oct-2011
115581;BNP Paribas Fixed Term Fund-Sr 22 C-Dividend-Calendar Yrly;INF251K01CB3;;0.0000;0.0000;0.0000;28-Oct-2011
115580;BNP Paribas Fixed Term Fund-Sr 22 C-Dividend-On Maturity;INF251K01CC1;;0.0000;0.0000;0.0000;28-Oct-2011
115579;BNP Paribas Fixed Term Fund-Sr 22 C-Growth;INF251K01CD9;;10.2381;10.2381;10.2381;28-Oct-2011
115727;BNP Paribas Fixed Term Fund-Sr 22 D-Dividend-Calendar Qtrly;INF251K01CE7;;0.0000;0.0000;0.0000;28-Oct-2011
115726;BNP Paribas Fixed Term Fund-Sr 22 D-Dividend-Calendar Yrly;INF251K01CF4;;0.0000;0.0000;0.0000;28-Oct-2011
115724;BNP Paribas Fixed Term Fund-Sr 22 D-Dividend-On Maturity;INF251K01CG2;;10.1436;10.1436;10.1436;28-Oct-2011
115725;BNP Paribas Fixed Term Fund-Sr 22 D-Growth;INF251K01CH0;;10.1435;10.1435;10.1435;28-Oct-2011
115918;BNP Paribas Fixed Term Fund-Sr 22 E-Dividend-Calendar Qtrly;INF251K01EW5;;0.0000;0.0000;0.0000;28-Oct-2011
115917;BNP Paribas Fixed Term Fund-Sr 22 E-Dividend-Calendar Yrly;INF251K01EX3;;0.0000;0.0000;0.0000;28-Oct-2011
115916;BNP Paribas Fixed Term Fund-Sr 22 E-Dividend-On Maturity;INF251K01EY1;;10.0376;10.0376;10.0376;28-Oct-2011
115915;BNP Paribas Fixed Term Fund-Sr 22 E-Growth;INF251K01EZ8;;10.0378;10.0378;10.0378;28-Oct-2011

Canara Robeco Mutual Fund
114658;Canara Capital Protection Oriented Fund- Series 1- 36 Months (Plan A) - Dividend Payout;INF760K01BA7;;10.3927;10.3927;10.3927;28-Oct-2011
114657;Canara Capital Protection Oriented Fund- Series 1- 36 Months (Plan A) - Growth;INF760K01AZ6;;10.3927;10.3927;10.3927;28-Oct-2011
114793;Canara Robeco Fixed Maturity Plan - Series 6 - 13 Months (Plan A) - Growth;INF760K01BF6;;10.6852;10.6852;10.6852;28-Oct-2011
114792;Canara Robeco Fixed Maturity Plan - Series 6 - 13 Months (Plan A)- Dividend Payout;INF760K01BE9;;10.6852;10.6852;10.6852;28-Oct-2011
115004;Canara Robeco Fixed Maturity Plan - Series 6 - 13 Months (Plan B) - Dividend;INF760K01BK6;;10.6051;10.6051;10.6051;28-Oct-2011
115003;Canara Robeco Fixed Maturity Plan - Series 6 - 13 Months (Plan B) - Growth;INF760K01BL4;;10.6051;10.6051;10.6051;28-Oct-2011
114569;Canara Robeco Fixed Maturity Plan - Series 6 - 14 Months (Plan A) - Dividend Payout;INF760K01AX1;;10.7302;10.7302;10.7302;28-Oct-2011
114568;Canara Robeco Fixed Maturity Plan - Series 6 - 14 Months (Plan A) - Growth;INF760K01AY9;;10.7302;10.7302;10.7302;28-Oct-2011

Daiwa Mutual Fund
115827;Daiwa Fixed Maturity Plan-3M-Series 2- Growth;INF752K01172;-;10.0928;10.0928;10.0928;28-Oct-2011
115828;Daiwa Fixed Maturity Plan-3M-Series 2-Dividend Payout option;INF752K01180;-;10.0928;10.0928;10.0928;28-Oct-2011

Deutsche Mutual Fund
112299;DWS Fixed Term Fund - Sr 66 Regular Pan Dividend Opt;INF223J01176;;11.3372;11.3372;11.3372;28-Oct-2011
112298;DWS Fixed Term Fund - Sr 66 Regular Pan Growth Opt;INF223J01184;;11.3372;11.3372;11.3372;28-Oct-2011
114202;DWS Fixed Term Fund - Series 76 (DFTF - 76)- Dividend(payout);;;10.0718;10.0718;10.0718;28-Oct-2011
114201;DWS Fixed Term Fund - Series 76 (DFTF - 76)- Growth;;;10.8173;10.8173;10.8173;28-Oct-2011
114375;DWS Fixed Term Fund - Series 77 - Dividend;;;10.0728;10.0728;10.0728;28-Oct-2011
114334;DWS Fixed Term Fund - Series 77 - Growth;;;10.7759;10.7759;10.7759;28-Oct-2011
114378;DWS Fixed Term Fund - Series 78 (DFTF - 78) - Growth;INF223J01614;;10.7189;10.7189;10.7189;28-Oct-2011
114379;DWS Fixed Term Fund - Series 78 (DFTF - 78)- Dividend Payout;INF223J01606;;10.4140;10.4140;10.4140;28-Oct-2011
115100;DWS Fixed Term Fund - Series 80- Dividend (Payout);INF223J01689;;10.1688;10.1688;10.1688;28-Oct-2011
115099;DWS Fixed Term Fund - Series 80-Growth;INF223J01697;;10.4740;10.4740;10.4740;28-Oct-2011
114551;DWS Fixed Term Fund - Series 81 (DFTF - 81)- Dividend(Payout);INF223J01663;;10.4121;10.4121;10.4121;28-Oct-2011
114550;DWS Fixed Term Fund - Series 81 (DFTF - 81)- Growth;INF223J01671;;10.7172;10.7172;10.7172;28-Oct-2011
115166;DWS Fixed Term Fund - Series 82 (DFTF - 82)- Dividend(Payout);INF223J01705;;10.4264;10.4264;10.4264;28-Oct-2011
115167;DWS Fixed Term Fund - Series 82 (DFTF - 82)- Growth;INF223J01713;;10.4264;10.4264;10.4264;28-Oct-2011
115271;DWS Fixed Term Fund - Series 83- Dividend (Payout and Sweep);INF223J01721;;10.2334;10.2334;10.2334;28-Oct-2011
115272;DWS Fixed Term Fund - Series 83- Growth;INF223J01739;;10.3843;10.3843;10.3843;28-Oct-2011
115335;DWS Fixed Term Fund - Series 84- Dividend (Payout and Sweep);;;10.3224;10.3224;10.3224;28-Oct-2011
115334;DWS Fixed Term Fund - Series 84- Growth;;;10.3224;10.3224;10.3224;28-Oct-2011
115388;DWS Fixed Term Fund - Series 85 (DFTF - 85)-Dividend (Payout and Sweep);INF223J01762;;10.1877;10.1877;10.1877;28-Oct-2011
115387;DWS Fixed Term Fund - Series 85- Growth;INF223J01770;;10.3388;10.3388;10.3388;28-Oct-2011
115564;DWS Fixed Term Fund - Series 86 (DFTF - 86)- Dividend (Payout and Sweep);INF223J01788;;10.2586;10.2586;10.2586;28-Oct-2011
115565;DWS Fixed Term Fund - Series 86- Growth;INF223J01796;;10.2586;10.2586;10.2586;28-Oct-2011
115574;DWS Fixed Term Fund - Series 87 (DFTF - 87)- Dividend(payout and Sweep);INF223J01804;;10.1390;10.1390;10.1390;28-Oct-2011
115575;DWS Fixed Term Fund - Series 87 (DFTF - 87)- Growth;INF223J01812;;10.2396;10.2396;10.2396;28-Oct-2011
115668;DWS Fixed Term Fund - Series 88- Dividend (Payout and Sweep);INF223J01820;;10.1438;10.1438;10.1438;28-Oct-2011
115669;DWS Fixed Term Fund - Series 88- Growth;INF223J01838;;10.1438;10.1438;10.1438;28-Oct-2011
115711;DWS Fixed Term Fund - Series 89 (DFTF - 89)- Dividend (Payout and Sweep);INF223J01853;;10.1248;10.1248;10.1248;28-Oct-2011
115710;DWS Fixed Term Fund - Series 89 -Growth;INF223J01861;;10.1248;10.1248;10.1248;28-Oct-2011
115778;DWS Fixed Term Fund - Series 90 (DFTF - 90)- Dividend (Payout and Sweep);INF223J01911;;10.0883;10.0883;10.0883;28-Oct-2011
115777;DWS Fixed Term Fund - Series 90 (DFTF - 90)- Growth;INF223J01929;;10.0883;10.0883;10.0883;28-Oct-2011
115929;DWS Fixed Term Fund - Series 91 (DFTF - 91) -  Dividend (Payout and Sweep);INF223J018Y3;INF223J010Z7;10.0213;10.0213;10.0213;28-Oct-2011
115928;DWS Fixed Term Fund - Series 91 (DFTF - 91)- Growth;INF223J019Y1;;10.0213;10.0213;10.0213;28-Oct-2011
113205;DWS Hybrid Fixed TErm Fund - Series 1 - Dividend(Payout);INF223J01531;;9.9830;9.9830;9.9830;28-Oct-2011
113206;DWS Hybrid Fixed Term Fund - Series 1 - Growth;INF223J01523;;9.9830;9.9830;9.9830;28-Oct-2011
114455;DWS Hybrid Fixed Term Fund - Series 2- Dividend(Payout);INF223J01622;;10.7212;10.7212;10.7212;28-Oct-2011
114454;DWS Hybrid Fixed Term Fund - Series 2- Growth;INF223J01630;;10.7212;10.7212;10.7212;28-Oct-2011
115930;DWS Hybrid Fixed Term Fund - Series 3 - Dividend (Payout);INF223J012Z3;;11.1884;11.1884;11.1884;28-Oct-2011
115931;DWS Hybrid Fixed Term Fund - Series 3- Growth;INF223J011Z5;;11.1884;11.1884;11.1884;28-Oct-2011

DSP Mutual Fund
114304;DSP BlackRock FMP - 12M - Series 10 - Dividend Payout;INF740K01AS3;;10.0959;10.0959;10.0959;28-Oct-2011
114305;DSP BlackRock FMP - 12M - Series 10 - Growth;INF740K01AR5;;10.7609;10.7609;10.7609;28-Oct-2011
114371;DSP BlackRock FMP - 12M - Series 11 - Dividend Payout;INF740K01AY1;;10.1028;10.1028;10.1028;28-Oct-2011
114372;DSP BlackRock FMP - 12M - Series 11 - Growth;INF740K01AX3;;10.7640;10.7640;10.7640;28-Oct-2011
114459;DSP BlackRock FMP - 12M - Series 12 - Dividend Payout;INF740K01BE1;;10.0972;10.0972;10.0972;28-Oct-2011
114460;DSP BlackRock FMP - 12M - Series 12 - Growth;INF740K01BD3;;10.7171;10.7171;10.7171;28-Oct-2011
114574;DSP BlackRock FMP - 12M - Series 13 - Dividend Payout;INF740K01BI2;;10.0974;10.0974;10.0974;28-Oct-2011
114575;DSP BlackRock FMP - 12M - Series 13 - Growth;INF740K01BH4;;10.7004;10.7004;10.7004;28-Oct-2011
114613;DSP BlackRock FMP - 12M - Series 14 - Dividend Payout;INF740K01BK8;;10.0977;10.0977;10.0977;28-Oct-2011
114612;DSP BlackRock FMP - 12M - Series 14 - Growth;INF740K01BJ0;;10.6816;10.6816;10.6816;28-Oct-2011
114794;DSP BlackRock FMP - 12M - Series 15 - Dividend Payout;INF740K01BQ5;;10.0967;10.0967;10.0967;28-Oct-2011
114795;DSP BlackRock FMP - 12M - Series 15 - Growth;INF740K01BP7;;10.6308;10.6308;10.6308;28-Oct-2011
114906;DSP BlackRock FMP - 12M - Series 16 - Dividend Payout;INF740K01BU7;;10.0984;10.0984;10.0984;28-Oct-2011
114907;DSP BlackRock FMP - 12M - Series 16 - Growth;INF740K01BT9;;10.6053;10.6053;10.6053;28-Oct-2011
114925;DSP BlackRock FMP - 12M - Series 17 - Dividend Payout;INF740K01BW3;;10.1020;10.1020;10.1020;28-Oct-2011
114926;DSP BlackRock FMP - 12M - Series 17 - Growth;INF740K01BV5;;10.5900;10.5900;10.5900;28-Oct-2011
115006;DSP BlackRock FMP - 12M - Series 18 - Dividend Payout;INF740K01CA7;;10.0988;10.0988;10.0988;28-Oct-2011
115007;DSP BlackRock FMP - 12M - Series 18 - Growth;INF740K01BZ6;;10.5688;10.5688;10.5688;28-Oct-2011
115147;DSP BlackRock FMP - 12M - Series 19 - Dividend Payout;INF740K01CG4;;10.4676;10.4676;10.4676;28-Oct-2011
115148;DSP BlackRock FMP - 12M - Series 19 - Growth;INF740K01CF6;;10.4676;10.4676;10.4676;28-Oct-2011
115248;DSP BlackRock FMP - 12M - Series 20 - Dividend Payout;INF740K01CM2;;10.4202;10.4202;10.4202;28-Oct-2011
115249;DSP BlackRock FMP - 12M - Series 20 - Growth;INF740K01CL4;;10.4202;10.4202;10.4202;28-Oct-2011
115325;DSP BlackRock FMP - 12M - Series 21 - Dividend Payout;INF740K01CR1;;10.3703;10.3703;10.3703;28-Oct-2011
115324;DSP BlackRock FMP - 12M - Series 21 - Growth;INF740K01CQ3;;10.3703;10.3703;10.3703;28-Oct-2011
115365;DSP BlackRock FMP - 12M - Series 22 - Dividend Payout;INF740K01CT7;;10.3616;10.3616;10.3616;28-Oct-2011
115366;DSP BlackRock FMP - 12M - Series 22 - Growth;INF740K01CS9;;10.3616;10.3616;10.3616;28-Oct-2011
115417;DSP BlackRock FMP - 12M - Series 23 - Dividend Payout;INF740K01CX9;;10.3324;10.3324;10.3324;28-Oct-2011
115418;DSP BlackRock FMP - 12M - Series 23 - Growth;INF740K01CW1;;10.3324;10.3324;10.3324;28-Oct-2011
115427;DSP BlackRock FMP - 12M - Series 24 - Dividend Payout;INF740K01DB3;;10.3121;10.3121;10.3121;28-Oct-2011
115426;DSP BlackRock FMP - 12M - Series 24 - Growth;INF740K01DA5;;10.3121;10.3121;10.3121;28-Oct-2011
115518;DSP BlackRock FMP - 12M - Series 25 - Dividend Payout;INF740K01DH0;;10.2686;10.2686;10.2686;28-Oct-2011
115519;DSP BlackRock FMP - 12M - Series 25 - Growth;INF740K01DG2;;10.2686;10.2686;10.2686;28-Oct-2011
115586;DSP BlackRock FMP - 12M - Series 26 - Dividend Option;INF740K01DN8;;10.2363;10.2363;10.2363;28-Oct-2011
115587;DSP BlackRock FMP - 12M - Series 26 - Growth Option;INF740K01DM0;;10.2363;10.2363;10.2363;28-Oct-2011
114213;DSP BlackRock FMP - 12M - Series 9 - Dividend Payout;INF740K01AO2;;10.0988;10.0988;10.0988;28-Oct-2011
114212;DSP BlackRock FMP - 12M - Series 9 - Growth;INF740K01AN4;;10.7876;10.7876;10.7876;28-Oct-2011
114714;DSP BlackRock FMP - 13M - Series 4 - Dividend Payout;INF740K01BO0;;10.0909;10.0909;10.0909;28-Oct-2011
114715;DSP BlackRock FMP - 13M - Series 4 - Growth;INF740K01BN2;;10.6200;10.6200;10.6200;28-Oct-2011
115636;DSP BlackRock FMP - 6M - Series 10 - Dividend Option;INF740K01DP3;;10.1887;10.1887;10.1887;28-Oct-2011
115635;DSP BlackRock FMP - 6M - Series 10 - Growth Option;INF740K01DO6;;10.1887;10.1887;10.1887;28-Oct-2011
115693;DSP BlackRock FMP - 6M - Series 11 - Dividend Option;INF740K01DX7;;10.1598;10.1598;10.1598;28-Oct-2011
115692;DSP BlackRock FMP - 6M - Series 11 - Growth Option;INF740K01DW9;;10.1598;10.1598;10.1598;28-Oct-2011
115521;DSP BlackRock FMP - 6M - Series 9 - Dividend Payout;INF740K01DF4;;10.2719;10.2719;10.2719;28-Oct-2011
115520;DSP BlackRock FMP - 6M - Series 9 - Growth;INF740K01DE7;;10.2719;10.2719;10.2719;28-Oct-2011
115786;DSP BlackRock FMP - Series 10 - 12M - Dividend Option;INF740K01ED7;;10.1054;10.1054;10.1054;28-Oct-2011
115785;DSP BlackRock FMP - Series 10 - 12M - Growth Option;INF740K01EC9;;10.1054;10.1054;10.1054;28-Oct-2011
115809;DSP BlackRock FMP - Series 11 - 3M - Dividend Option;INF740K01EF2;;10.0965;10.0965;10.0965;28-Oct-2011
115808;DSP BlackRock FMP - Series 11 - 3M - Growth Option;INF740K01EE5;;10.0965;10.0965;10.0965;28-Oct-2011
115811;DSP BlackRock FMP - Series 12 - 12M - Dividend Option;INF740K01EH8;;10.0934;10.0934;10.0934;28-Oct-2011
115810;DSP BlackRock FMP - Series 12 - 12M - Growth Option;INF740K01EG0;;10.0934;10.0934;10.0934;28-Oct-2011
115857;DSP BlackRock - Series 13 - 3M - Dividend Option;INF740K01EJ4;;10.0788;10.0788;10.0788;28-Oct-2011
115858;DSP BlackRock - Series 13 - 3M - Growth Option;INF740K01EI6;;10.0788;10.0788;10.0788;28-Oct-2011
115894;DSP BlackRock FMP - Series 14 - 12M - Dividend;INF740K01ET3;;10.0421;10.0421;10.0421;28-Oct-2011
115893;DSP BlackRock FMP - Series 14 - 12M - Growth;INF740K01ES5;;10.0421;10.0421;10.0421;28-Oct-2011
115914;DSP BlackRock FMP - Series 15 - 3M - Dividend;INF740K01EV9;;10.0425;10.0425;10.0425;28-Oct-2011
115913;DSP BlackRock FMP - Series 15 - 3M - Growth;INF740K01EU1;;10.0425;10.0425;10.0425;28-Oct-2011
115954;DSP BlackRock FMP - Series 16 - 12M - Dividend Option;INF740K01EX5;;10.0280;10.0280;10.0280;28-Oct-2011
115953;DSP BlackRock FMP - Series 16 - 12M - Growth Option;INF740K01EW7;;10.0280;10.0280;10.0280;28-Oct-2011
115961;DSP BlackRock FMP - Series 17 - 3M - Dividend Option;INF740K01EZ0;;10.0214;10.0214;10.0214;28-Oct-2011
115960;DSP BlackRock FMP - Series 17 - 3M - Growth Option;INF740K01EY3;;10.0214;10.0214;10.0214;28-Oct-2011
115665;DSP BlackRock FMP - Series 5 - 3M- Dividend;INF740K01DR9;;10.1827;10.1827;10.1827;28-Oct-2011
115664;DSP BlackRock FMP - Series 5 - 3M-Growth;INF740K01DQ1;;10.1827;10.1827;10.1827;28-Oct-2011
115667;DSP BlackRock FMP - Series 6 - 12M - Dividend;INF740K01DT5;;10.1834;10.1834;10.1834;28-Oct-2011
115666;DSP BlackRock FMP - Series 6 - 12M - Growth;INF740K01DS7;;10.1834;10.1834;10.1834;28-Oct-2011
115673;DSP BlackRock FMP - Series 7 - 12M - Dividend Option;INF740K01DV1;;10.1390;10.1390;10.1390;28-Oct-2011
115672;DSP BlackRock FMP - Series 7 - 12M - Growth Option;INF740K01DU3;;10.1390;10.1390;10.1390;28-Oct-2011
115699;DSP BlackRock FMP - Series 8 - 3M - Dividend Option;INF740K01DZ2;;10.1563;10.1563;10.1563;28-Oct-2011
115698;DSP BlackRock FMP - Series 8 - 3M - Growth Option;INF740K01DY5;;10.1563;10.1563;10.1563;28-Oct-2011
115773;DSP BlackRock FMP - Series 9 - 3M - Dividend Option;INF740K01EB1;;10.1253;10.1253;10.1253;28-Oct-2011
115774;DSP BlackRock FMP - Series 9 - 3M - Growth Option;INF740K01EA3;;10.1253;10.1253;10.1253;28-Oct-2011

Edelweiss Mutual Fund
115816;Edelweiss Fixed Maturity Plan - 91 Days - Series 3 - Dividend Option;INF754K01939;;10.1077;10.1077;10.1077;28-Oct-2011
115817;Edelweiss Fixed Maturity Plan - 91 Days - Series 3 - Growth Option;INF754K01921;;10.1077;10.1077;10.1077;28-Oct-2011

Fidelity Mutual Fund
114363;Fidelity Fixed Maturity Plan Series IV - Plan E- Growth Option;;;10.7862;10.7862;10.7862;28-Oct-2011
114364;Fidelity Fixed Maturity Plan Series IV - Plan E-Dividend Option;;;10.7862;10.7862;10.7862;28-Oct-2011
114474;Fidelity Fixed Maturity Plan Series IV - Plan F - Growth Option;INF677K01544;;10.7391;10.7391;10.7391;28-Oct-2011
114475;Fidelity Fixed Maturity Plan Series IV - Plan F-Dividend Option;INF677K01577;;10.6225;10.6225;10.6225;28-Oct-2011
114871;Fidelity Fixed Maturity Plan Series V- Plan C-Dividend Option;INF677K01635;;10.6577;10.6577;10.6577;28-Oct-2011
114872;Fidelity Fixed Maturity Plan Series V- Plan C-Growth Option;INF677K01627;;10.6577;10.6577;10.6577;28-Oct-2011
114797;Fidelity Fixed Maturity Plan Series V-Plan A- Growth Option;INF677K01593;;10.6729;10.6729;10.6729;28-Oct-2011
114796;Fidelity Fixed Maturity Plan Series V-Plan A-Dividend Option;INF677K01585;;10.6729;10.6729;10.6729;28-Oct-2011
114993;Fidelity Fixed Maturity Plan Series V-Plan E-Dividend Option;INF677K01668;;10.6087;10.6087;10.6087;28-Oct-2011
114994;Fidelity Fixed Maturity Plan Series V-Plan E-Growth Option;INF677K01676;;10.6087;10.6087;10.6087;28-Oct-2011
115065;Fidelity Fixed Maturity Plan Series V-Plan F-Dividend Option;INF677K01692;;10.5461;10.5461;10.5461;28-Oct-2011
115064;Fidelity Fixed Maturity Plan Series V-Plan F-Growth Option;INF677K01684;;10.5461;10.5461;10.5461;28-Oct-2011

Franklin Templeton Mutual Fund
112660;Franklin India Fixed Tenure Fund - Series XII - Plan C (5 Year Plan) - Dividend;INF090I01411;;10.4523;10.4523;10.4523;28-Oct-2011
112659;Franklin India Fixed Tenure Fund - Series XII - Plan C (5 Year Plan) - Growth;INF090I01403;;10.5534;10.5534;10.5534;28-Oct-2011
105526;Franklin Templeton Capital Protection Oriented Fund - 5 Years Plan - Dividend;INF090I01080;;11.7847;11.7847;11.7847;28-Oct-2011
105525;Franklin Templeton Capital Protection Oriented Fund - 5 Years Plan - Growth;INF090I01072;;13.8924;13.8924;13.8924;28-Oct-2011
104390;Franklin Templeton Capital Safety Fund - 5 Years Plan - Annual Dividend;;;11.3304;11.3304;11.3304;28-Oct-2011
104389;Franklin Templeton Capital Safety Fund - 5 Years Plan - Growth;;;13.9857;13.9857;13.9857;28-Oct-2011
114498;Franklin Templeton Fixed Tenure Fund-Series XV(3 year plan) - Dividend;INF090I01502;;10.4627;10.4627;10.4627;28-Oct-2011
114499;Franklin Templeton Fixed Tenure Fund-Series XV(3 year plan) - Growth;INF090I01494;;10.4627;10.4627;10.4627;28-Oct-2011
108226;Franklin Templeton Fixed Tenure Fund - Series IX - Plan B - Dividend;INF090I01AQ1;;11.6777;11.3274;11.6777;28-Oct-2011
108225;Franklin Templeton Fixed Tenure Fund - Series IX - Plan B - Growth;INF090I01AR9;;12.6163;12.2378;12.6163;28-Oct-2011
105323;Franklin Templeton Fixed Tenure Fund - Series VIII - 60 Months Plan (Plan A) - Dividend Plan;INF090I01AM0;;11.1506;10.7046;11.1506;28-Oct-2011
105322;Franklin Templeton Fixed Tenure Fund - Series VIII - 60 Months Plan (Plan A) - Growth Plan;INF090I01AN8;;14.1621;13.5956;14.1621;28-Oct-2011
109117;Franklin Templeton Fixed Tenure Fund - Series X - Plan C - Dividend;INF090I01AU3;;11.9485;11.5900;11.9485;28-Oct-2011
109118;Franklin Templeton Fixed Tenure Fund - Series X - Plan C - Growth;INF090I01AV1;;13.1011;12.7081;13.1011;28-Oct-2011
109678;Franklin Templeton Fixed Tenure Fund - Series X - Plan D - Dividend;INF090I01AY5;;11.8757;11.5194;11.8757;28-Oct-2011
109677;Franklin Templeton Fixed Tenure Fund - Series X - Plan D - Growth;INF090I01AZ2;;13.2259;12.8291;13.2259;28-Oct-2011
112146;Franklin Templeton Fixed Tenure Fund - Series XII - Plan A (3 Year Plan) - Dividend;INF090I01106;;10.8426;10.8426;10.8426;28-Oct-2011
112145;Franklin Templeton Fixed Tenure Fund - Series XII - Plan A (3 Year Plan) - Growth;INF090I01098;;11.0483;11.0483;11.0483;28-Oct-2011
112219;Franklin Templeton Fixed Tenure Fund - Series XII - Plan B (3 Year Plan) - Dividend;INF090I01122;;10.6963;10.6963;10.6963;28-Oct-2011
112220;Franklin Templeton Fixed Tenure Fund - Series XII - Plan B (3 Year Plan) - Growth;INF090I01114;;10.9029;10.9029;10.9029;28-Oct-2011
112312;Franklin Templeton Fixed Tenure Fund - Series XIII - Plan A - Dividend;INF090I01148;;10.5309;10.5309;10.5309;28-Oct-2011
112311;Franklin Templeton Fixed Tenure Fund - Series XIII - Plan A - Growth;INF090I01130;;10.7396;10.7396;10.7396;28-Oct-2011
113393;Franklin Templeton Fixed Tenure Fund - Series XIV - Plan B- Dividend;INF090I01486;;10.3327;10.3327;10.3327;28-Oct-2011
113392;Franklin Templeton Fixed Tenure Fund - Series XIV - Plan B- Growth;INF090I01478;;10.3327;10.3327;10.3327;28-Oct-2011
112946;Franklin Templeton Fixed Tenure Fund-Series XIV-Plan A(3 year plan) - Dividend;INF090I01437;;10.3874;10.3874;10.3874;28-Oct-2011
112947;Franklin Templeton Fixed Tenure Fund-Series XIV-Plan A(3 year plan) - Growth;INF090I01429;;10.3874;10.3874;10.3874;28-Oct-2011

HDFC Mutual Fund
114627;HDFC DEBT FUND FOR CANCER CURE;INF179K01FY1;;10.0685;0;0;28-Oct-2011
115652;HDFC FMP 13M August 2011 (1) - Dividend  Option;INF179K01JX5;;10.153;0;0;28-Oct-2011
115651;HDFC FMP 13M August 2011 (1) - Growth Option;INF179K01JW7;;10.153;0;0;28-Oct-2011
115653;HDFC FMP 13M August 2011 (1) - Quaterly Dividend Option;INF179K01JY3;;10.153;0;0;28-Oct-2011
115758;HDFC FMP 13M September 2011 (1) Dividend Option;INF179K01KC7;;10.1126;0;0;28-Oct-2011
115757;HDFC FMP 13M September 2011 (1) Growth Option;INF179K01KB9;;10.1126;0;0;28-Oct-2011
115756;HDFC FMP 13M September 2011 (1) Quaterly Option;INF179K01KD5;;10.1126;0;0;28-Oct-2011
112672;HDFC FMP 24M February 2010 - DIVIDEND OPTION;INF179K01BK9;;11.1614;0;0;28-Oct-2011
112673;HDFC FMP 24M FEBRUARY 2010 - GROWTH OPTION;INF179K01BI3;;11.1614;0;0;28-Oct-2011
112674;HDFC FMP 24M February 2010 - QUARTERLY DIVIDEND OPTION;INF179K01BJ1;;10.0834;0;0;28-Oct-2011
115891;HDFC FMP 24M September 2011 (1) - Dividend Option;INF179K01LG6;;10.0305;0;0;28-Oct-2011
115890;HDFC FMP 24M September 2011 (1) - Growth Option;INF179K01LF8;;10.0305;0;0;28-Oct-2011
115892;HDFC FMP 24M September 2011 (1) - Quarterly Dividend Option;INF179K01LH4;;10.0305;0;0;28-Oct-2011
113265;HDFC FMP 25M September 2010 - Dividend Option;INF179K01EF3;;10.8021;0;0;28-Oct-2011
113264;HDFC FMP 25M September 2010 - Growth Option;INF179K01EE6;;10.8021;0;0;28-Oct-2011
113266;HDFC FMP 25M September 2010 - Quaterly Dividend  Option;INF179K01EG1;;10.074;0;0;28-Oct-2011
112898;HDFC FMP 36M April 2010- Dividend Option;INF179K01CE0;;10.927;0;0;28-Oct-2011
112899;HDFC FMP 36M April 2010- Growth Option;INF179K01CC4;;10.927;0;0;28-Oct-2011
112900;HDFC FMP 36M April 2010- Quarterly Dividend Option;INF179K01CD2;;10.0757;0;0;28-Oct-2011
114728;HDFC FMP 370D FBERUARY 2011 (1) - Dividend Option;INF179K01GA9;;10.6681;0;0;28-Oct-2011
114729;HDFC FMP 370D FBERUARY 2011 (1) - Growth Option;INF179K01FZ8;;10.6681;0;0;28-Oct-2011
114730;HDFC FMP 370D FBERUARY 2011 (1) - Quarterly Dividend Option;INF179K01GB7;;10.0888;0;0;28-Oct-2011
115502;HDFC FMP 370D JULY 2011 (1) - Growth Option;INF179K01JG0;;10.286;0;0;28-Oct-2011
115501;HDFC FMP 370D JULY 2011 (1) - Normal Dividend Option;INF179K01JH8;;10.286;0;0;28-Oct-2011
115500;HDFC FMP 370D JULY 2011 (1) - Quarterly Dividend Option;INF179K01JI6;;10.0788;0;0;28-Oct-2011
115545;HDFC FMP 370D JULY 2011 (2) - Growth Option;INF179K01JJ4;;10.2555;0;0;28-Oct-2011
115544;HDFC FMP 370D JULY 2011 (2) - Normal Dividend Option;INF179K01JK2;;10.2555;0;0;28-Oct-2011
115543;HDFC FMP 370D JULY 2011 (2) - Quarterly Dividend Option;INF179K01JL0;;10.0769;0;0;28-Oct-2011
115320;HDFC FMP 370D June 2011 (1) - Dividend Option;INF179K01IP3;;10.3822;0;0;28-Oct-2011
115319;HDFC FMP 370D June 2011 (1) - Growth Option;INF179K01IO6;;10.3822;0;0;28-Oct-2011
115321;HDFC FMP 370D June 2011 (1) - Quaterly Dividend Option;INF179K01IQ1;;10.0858;0;0;28-Oct-2011
115391;HDFC FMP 370D June 2011 (2) - Dividend Option;INF179K01IU3;;10.3618;0;0;28-Oct-2011
115393;HDFC FMP 370D June 2011 (2) - Growth Option;INF179K01IT5;;10.3618;0;0;28-Oct-2011
115392;HDFC FMP 370D June 2011 (2) - Quaterly Dividend Option;INF179K01IV1;;10.0848;0;0;28-Oct-2011
115433;HDFC FMP 370D June 2011 (3) - Dividend Option;INF179K01IX7;;10.3315;0;0;28-Oct-2011
115432;HDFC FMP 370D June 2011 (3) - Growth Option;INF179K01IW9;;10.3315;0;0;28-Oct-2011
115434;HDFC FMP 370D June 2011 (3) - Quaterly Dividend Option;INF179K01IY5;;10.079;0;0;28-Oct-2011
115461;HDFC FMP 370D June 2011 (4) - Dividend Option;INF179K01JA3;;10.3188;0;0;28-Oct-2011
115459;HDFC FMP 370D June 2011 (4) - Growth Option;INF179K01IZ2;;10.3188;0;0;28-Oct-2011
115460;HDFC FMP 370D June 2011 (4) - Quaterly Dividend Option;INF179K01JB1;;10.0792;0;0;28-Oct-2011
114778;HDFC FMP 370D March 2011 (1) - Dividend Option;INF179K01GK8;;10.6625;0;0;28-Oct-2011
114779;HDFC FMP 370D March 2011 (1) - Growth Option;INF179K01GJ0;;10.6625;0;0;28-Oct-2011
114780;HDFC FMP 370D March 2011 (1) - Quarterly Dividend Option;INF179K01GL6;;10.0879;0;0;28-Oct-2011
114784;HDFC FMP 370D March 2011 (2) - Dividend Option;INF179K01GR3;;10.6381;0;0;28-Oct-2011
114782;HDFC FMP 370D March 2011 (2) - Growth Option;INF179K01GQ5;;10.6381;0;0;28-Oct-2011
114783;HDFC FMP 370D March 2011 (2) - Quarterly Dividend Option;INF179K01GS1;;10.0854;0;0;28-Oct-2011
114938;HDFC FMP 370D March 2011 (3) - Dividend Option;INF179K01HM2;;10.6087;0;0;28-Oct-2011
114939;HDFC FMP 370D March 2011 (3) - Growth Option;INF179K01HL4;;10.6087;0;0;28-Oct-2011
114940;HDFC FMP 370D March 2011 (3) - Quarterly Dividend Option;INF179K01HN0;;10.0824;0;0;28-Oct-2011
114945;HDFC FMP 370D March 2011 (4) - Dividend Option;INF179K01HX9;;10.603;0;0;28-Oct-2011
114946;HDFC FMP 370D March 2011 (4) - Growth Option;INF179K01HW1;;10.603;0;0;28-Oct-2011
114947;HDFC FMP 370D March 2011 (4) - Quarterly Dividend Option;INF179K01HY7;;10.0921;0;0;28-Oct-2011
114948;HDFC FMP 370D March 2011 (5) - Dividend Option;INF179K01IA5;;10.5586;0;0;28-Oct-2011
114950;HDFC FMP 370D March 2011 (5) - Growth Option;INF179K01HZ4;;10.5586;0;0;28-Oct-2011
114949;HDFC FMP 370D March 2011 (5) - Quarterly Dividend Option;INF179K01IB3;;10.0814;0;0;28-Oct-2011
115266;HDFC FMP 370D MAY 2011 (1) -  Quarterly Dividend Option;INF179K01IG2;;10.087;0;0;28-Oct-2011
115268;HDFC FMP 370D MAY 2011 (1) - Dividend Option;INF179K01IF4;;10.424;0;0;28-Oct-2011
115267;HDFC FMP 370D MAY 2011 (1) - Growth Option;INF179K01IE7;;10.424;0;0;28-Oct-2011
115288;HDFC FMP 370D MAY 2011 (2) - Dividend Option;INF179K01IK4;;10.409;0;0;28-Oct-2011
115289;HDFC FMP 370D MAY 2011 (2) - Growth Option;INF179K01IJ6;;10.409;0;0;28-Oct-2011
115287;HDFC FMP 370D MAY 2011 (2) - Quarterly Dividend Option;INF179K01IL2;;10.0891;0;0;28-Oct-2011
114210;HDFC FMP 370D November 2010 (1) Dividend Option;;;10.8389;0;0;28-Oct-2011
114209;HDFC FMP 370D November 2010 (1) Growth Option;;;10.8389;0;0;28-Oct-2011
114211;HDFC FMP 370D November 2010 (1) Quarterly Dividend Option;;;10.0802;0;0;28-Oct-2011
114226;HDFC FMP 370D November 2010 (2) Dividend Option;;;10.7864;0;0;28-Oct-2011
114227;HDFC FMP 370D November 2010 (2) Growth Option;;;10.7864;0;0;28-Oct-2011
114228;HDFC FMP 370D November 2010 (2) Quarterly Dividend Option;;;10.077;0;0;28-Oct-2011
115904;HDFC FMP 370D October 2011 (1) - Dividend Option;INF179K01LJ0;;10.0322;0;0;28-Oct-2011
115903;HDFC FMP 370D October 2011 (1) - Growth Option;INF179K01LI2;;10.0322;0;0;28-Oct-2011
115905;HDFC FMP 370D October 2011 (1) - Quarterly Dividend Option;INF179K01LK8;;10.0322;0;0;28-Oct-2011
115951;HDFC FMP 370D October 2011 (2) - Dividend Option;INF179K01LO0;;10.0174;0;0;28-Oct-2011
115950;HDFC FMP 370D October 2011 (2) - Growth Option;INF179K01LN2;;10.0174;0;0;28-Oct-2011
115952;HDFC FMP 370D October 2011 (2) - Quarterly Dividend Option;INF179K01LP7;;10.0174;0;0;28-Oct-2011
115548;HDFC FMP 375D JULY 2011 (1) - Growth Option;INF179K01JM8;;10.2374;0;0;28-Oct-2011
115547;HDFC FMP 375D JULY 2011 (1) - Normal Dividend Option;INF179K01JN6;;10.2374;0;0;28-Oct-2011
115546;HDFC FMP 375D JULY 2011 (1) - Quarterly Dividend Option;INF179K01JO4;;10.0806;0;0;28-Oct-2011
115551;HDFC FMP 375D JULY 2011 (2) - Growth Option;INF179K01JP1;;10.2241;0;0;28-Oct-2011
115550;HDFC FMP 375D JULY 2011 (2) - Normal Dividend Option;INF179K01JQ9;;10.2241;0;0;28-Oct-2011
115549;HDFC FMP 375D JULY 2011 (2) - Quarterly Dividend Option;INF179K01JR7;;10.0817;0;0;28-Oct-2011
115670;HDFC FMP 92D August 2011 (1) - Dividend Option;;;10.1648;0;0;28-Oct-2011
115671;HDFC FMP 92D August 2011 (1) - Growth Option;;;10.1648;0;0;28-Oct-2011
115554;HDFC FMP 92D JULY 2011 (3) - Dividend Option;;;10;0;0;28-Oct-2011
115555;HDFC FMP 92D JULY 2011 (3) - Growth Option;;;10.23;0;0;28-Oct-2011
115901;HDFC FMP 92D October 2011 (1) - Dividend Option;;;10.0554;0;0;28-Oct-2011
115902;HDFC FMP 92D October 2011 (1) - Growth Option;;;10.0554;0;0;28-Oct-2011
115949;HDFC FMP 92D October 2011 (2) - Dividend Option;INF179K01LM4;;10.0233;0;0;28-Oct-2011
115948;HDFC FMP 92D October 2011 (2) - Growth Option;INF179K01LL6;;10.0233;0;0;28-Oct-2011
115760;HDFC FMP 92D September 2011 (1) Dividend Option;;;10.1119;0;0;28-Oct-2011
115759;HDFC FMP 92D September 2011 (1) Growth Option;;;10.1119;0;0;28-Oct-2011
105428;HDFC QUARTERLY INTERVAL FUND - PLAN A - RETAIL PLAN - Growth Option;INF179K01GT9;;14.3841;14.3697;0;28-Oct-2011
105429;HDFC QUARTERLY INTERVAL FUND - PLAN A - RETAIL PLAN -Dividend Option;INF179K01GU7;INF179K01GV5;10.0953;10.0852;0;28-Oct-2011
105427;HDFC QUARTERLY INTERVAL FUND - PLAN A - WHOLESALE PLAN - Dividend Option;INF179K01GX1;;10.0953;10.0852;0;28-Oct-2011
105430;HDFC QUARTERLY INTERVAL FUND - PLAN A - WHOLESALE PLAN - Growth Option;INF179K01GW3;;10.3077;10.2974;0;28-Oct-2011
105420;HDFC QUARTERLY INTERVAL FUND - PLAN B - RETAIL PLAN - Growth Option;INF179K01GZ6;;14.0854;14.0713;0;28-Oct-2011
105421;HDFC QUARTERLY INTERVAL FUND - PLAN B - RETAIL PLAN -Dividend Option;INF179K01HA7;INF179K01HB5;10.0449;10.0349;0;28-Oct-2011
105419;HDFC QUARTERLY INTERVAL FUND - PLAN B - WHOLESALE PLAN - Dividend Option;INF179K01HD1;;10.0533;10.0432;0;28-Oct-2011
105422;HDFC QUARTERLY INTERVAL FUND - PLAN B - WHOLESALE PLAN - Growth Option;INF179K01HC3;;10;9.99;0;28-Oct-2011
105762;HDFC QUARTERLY INTERVAL FUND - PLAN C - RETAIL PLAN - Dividend Option;INF179K01HG4;INF179K01HH2;10.1942;10.184;0;28-Oct-2011
105761;HDFC QUARTERLY INTERVAL FUND - PLAN C - RETAIL PLAN -Growth Option;INF179K01HF6;;14.0472;14.0332;0;28-Oct-2011
105759;HDFC QUARTERLY INTERVAL FUND - PLAN C - WHOLESALE PLAN - Growth Option;INF179K01HI0;;11.0474;11.0364;0;28-Oct-2011
105760;HDFC QUARTERLY INTERVAL FUND - PLAN C -WHOLESALE PLAN - Dividend Option;INF179K01HJ8;;10.1942;10.184;0;28-Oct-2011

HSBC Mutual Fund
115042;HSBC Fixed Term Series 79-Dividend;INF336L01156;;10.5993;10.5993;10.5993;28-Oct-2011
115043;HSBC Fixed Term Series 79-Growth;INF336L01149;;10.5993;10.5993;10.5993;28-Oct-2011
115451;HSBC Fixed Term Series 80-Dividend;INF336L01206;;10.3151;10.3151;10.3151;28-Oct-2011
115452;HSBC Fixed Term Series 80-Growth;INF336L01198;;10.3151;10.3151;10.3151;28-Oct-2011
115634;HSBC Fixed Term Series 81-Dividend;INF336L01222;;10.1802;10.1802;10.1802;28-Oct-2011
115633;HSBC Fixed Term Series 81-Growth;INF336L01214;;10.1802;10.1802;10.1802;28-Oct-2011

ICICI Prudential Mutual Fund
111619;ICICI Prudential S.M.A.R.T.(Structured Methodology Aiming at Returns over Tenure) Fund-Series G - 36 Months - Retail Dividend;;;17.6038;17.6038;N.A.;28-Oct-2011
111621;ICICI Prudential S.M.A.R.T.(Structured Methodology Aiming at Returns over Tenure) Fund-Series G - 36 Months - Retail Growth;;;17.6038;17.6038;N.A.;28-Oct-2011
111616;ICICI Prudential S.M.A.R.T.(Structured Methodology Aiming at Returns over Tenure) Fund-Series H - 36 Months - Institutional Growth;;;16.1524;16.1524;N.A.;28-Oct-2011
111614;ICICI Prudential S.M.A.R.T.(Structured Methodology Aiming at Returns over Tenure) Fund-Series H - 36 Months - Retail Dividend;;;16.1524;16.1524;N.A.;28-Oct-2011
111615;ICICI Prudential S.M.A.R.T.(Structured Methodology Aiming at Returns over Tenure) Fund-Series H - 36 Months - Retail Growth;;;16.1524;16.1524;N.A.;28-Oct-2011
115311;ICICI Prudential Capital Protection Oriented Fund - Series I - 24 Months - Cumulative;INF109K01QI8;;10.1673;N.A.;N.A.;28-Oct-2011
115312;ICICI Prudential Capital Protection Oriented Fund - Series I - 24 Months - Dividend;INF109K01QJ6;;10.1673;N.A.;N.A.;28-Oct-2011
115560;ICICI Prudential Capital Protection Oriented Fund - Series II - 24 Months - Cumulative;INF109K01QZ2;;10.1259;N.A.;N.A.;28-Oct-2011
115561;ICICI Prudential Capital Protection Oriented Fund - Series II - 24 Months - Dividend;INF109K01RA3;;10.1259;N.A.;N.A.;28-Oct-2011
115493;ICICI Prudential Capital Protection Oriented Fund - Series III - 36 Months Plan - Cumulative;INF109K01QT5;;10.0404;N.A.;N.A.;28-Oct-2011
115492;ICICI Prudential Capital Protection Oriented Fund - Series III - 36 Months Plan - Dividend;INF109K01QU3;;10.0404;N.A.;N.A.;28-Oct-2011
115845;ICICI Prudential Capital Protection Oriented Fund - Series IV - 36 Months Plan - Cumulative;INF109K01TI2;;10.0714;N.A.;N.A.;28-Oct-2011
115846;ICICI Prudential Capital Protection Oriented Fund - Series IV - 36 Months Plan - Dividend;INF109K01TJ0;;10.0714;N.A.;N.A.;28-Oct-2011
115768;ICICI Prudential Capital Protection Oriented Fund - Series V - 60 Months - Cumulative;INF109K01SX3;;10.1141;N.A.;N.A.;28-Oct-2011
115767;ICICI Prudential Capital Protection Oriented Fund - Series V - 60 Months - Dividend;INF109K01SY1;;10.1141;N.A.;N.A.;28-Oct-2011
111581;ICICI Prudential Fixed Maturity Plan - Series 48 - Three Years Plan B - Institutional Growth;;;13.2458;13.2458;N.A.;28-Oct-2011
111582;ICICI Prudential Fixed Maturity Plan - Series 48 - Three Years Plan B - Retail Dividend;;;10.8834;10.8834;N.A.;28-Oct-2011
111584;ICICI Prudential Fixed Maturity Plan - Series 48 - Three Years Plan B - Retail Growth;;;13.0633;13.0633;N.A.;28-Oct-2011
112774;ICICI Prudential Fixed Maturity Plan - Series 50 - 24 Months Plan A Cumulative;INF109K01DJ4;;11.0204;N.A.;N.A.;28-Oct-2011
112773;ICICI Prudential Fixed Maturity Plan - Series 50 - 24 Months Plan A Dividend;INF109K01DI6;;11.0204;N.A.;N.A.;28-Oct-2011
112775;ICICI Prudential Fixed Maturity Plan - Series 50 - 24 Months Plan B Cumulative;INF109K01DL0;;11.0793;N.A.;N.A.;28-Oct-2011
112776;ICICI Prudential Fixed Maturity Plan - Series 50 - 24 Months Plan B Dividend;INF109K01DK2;;11.0793;N.A.;N.A.;28-Oct-2011
114402;ICICI Prudential Fixed Maturity Plan - Series 53 - 1 Year Plan F Cumulative;INF109K01HL1;;10.7248;N.A.;N.A.;28-Oct-2011
114403;ICICI Prudential Fixed Maturity Plan - Series 53 - 1 Year Plan F Dividend;INF109K01HM9;;10.1577;N.A.;N.A.;28-Oct-2011
115024;ICICI Prudential Fixed Maturity Plan - Series 54 - 1 Year Plan A - Dividend;INF109K01OZ7;;10.5690;N.A.;N.A.;28-Oct-2011
115023;ICICI Prudential Fixed Maturity Plan - Series 54 - 1 Year Plan A - Growth;INF109K01OY0;;10.5690;N.A.;N.A.;28-Oct-2011
115033;ICICI Prudential Fixed Maturity Plan-Series 54 - 1 Year Plan B - Dividend;INF109K01PB5;;10.5553;N.A.;N.A.;28-Oct-2011
115032;ICICI Prudential Fixed Maturity Plan-Series 54 - 1 Year Plan B - Growth;INF109K01PA7;;10.5553;N.A.;N.A.;28-Oct-2011
115058;ICICI Prudential Fixed Maturity Plan-Series 54-1 Year Plan C - Dividend;INF109K01PF6;;10.5094;N.A.;N.A.;28-Oct-2011
115059;ICICI Prudential Fixed Maturity Plan-Series 54-1 Year Plan C - Growth;INF109K01PE9;;10.5094;N.A.;N.A.;28-Oct-2011
115061;ICICI Prudential Fixed Maturity Plan Series 54-1 Year Plan D - Dividend;INF109K01PD1;;10.4324;N.A.;N.A.;28-Oct-2011
115060;ICICI Prudential Fixed Maturity Plan Series 54-1 Year Plan D - Growth;INF109K01PC3;;10.4954;N.A.;N.A.;28-Oct-2011
113449;ICICI Prudential Fixed Maturity Plan - Series 54 - 18 Months Plan A Cumulative;INF109K01GQ2;;10.7887;N.A.;N.A.;28-Oct-2011
113450;ICICI Prudential Fixed Maturity Plan - Series 54 - 18 Months Plan A Dividend;INF109K01GR0;;10.7887;N.A.;N.A.;28-Oct-2011
114468;ICICI Prudential Fixed Maturity Plan - Series 54 - 24 Months Plan A - Cumulative;INF109K01HP2;;10.6781;N.A.;N.A.;28-Oct-2011
114467;ICICI Prudential Fixed Maturity Plan - Series 54 - 24 Months Plan A - Dividend;INF109K01HQ0;;10.6781;N.A.;N.A.;28-Oct-2011
114490;ICICI Prudential Fixed Maturity Plan - Series 55 - 1 Year Plan A Cumulative;INF109K01HR8;;10.7027;N.A.;N.A.;28-Oct-2011
114491;ICICI Prudential Fixed Maturity Plan - Series 55 - 1 Year Plan A Dividend;INF109K01HS6;;10.1334;N.A.;N.A.;28-Oct-2011
114581;ICICI Prudential Fixed Maturity Plan - Series 55 - 1 Year Plan B Cumulative;INF109K01HX6;;10.6924;N.A.;N.A.;28-Oct-2011
114580;ICICI Prudential Fixed Maturity Plan - Series 55 - 1 Year Plan B Dividend;INF109K01HY4;;10.6924;N.A.;N.A.;28-Oct-2011
114642;ICICI Prudential Fixed Maturity Plan - Series 55 - 1 Year Plan C Cumulative;INF109K01IB0;;10.6859;N.A.;N.A.;28-Oct-2011
114641;ICICI Prudential Fixed Maturity Plan - Series 55 - 1 Year Plan C Dividend;INF109K01IC8;;10.1248;N.A.;N.A.;28-Oct-2011
114693;ICICI Prudential Fixed Maturity Plan - Series 55 - 1 Year Plan D Cumulative;INF109K01IM7;;10.6699;N.A.;N.A.;28-Oct-2011
114692;ICICI Prudential Fixed Maturity Plan - Series 55 - 1 Year Plan D Dividend;INF109K01IN5;;10.6699;N.A.;N.A.;28-Oct-2011
114741;ICICI Prudential Fixed Maturity Plan - Series 55 - 1 Year Plan E Cumulative;INF109K01JF9;;10.6500;N.A.;N.A.;28-Oct-2011
114740;ICICI Prudential Fixed Maturity Plan - Series 55 - 1 Year Plan E Dividend;INF109K01JG7;;10.6500;N.A.;N.A.;28-Oct-2011
114751;ICICI Prudential Fixed Maturity Plan - Series 55 - 1 Year Plan F Cumulative;INF109K01JD4;;10.6340;N.A.;N.A.;28-Oct-2011
114750;ICICI Prudential Fixed Maturity Plan - Series 55 - 1 Year Plan F Dividend;INF109K01JE2;;10.4359;N.A.;N.A.;28-Oct-2011
115194;ICICI Prudential Fixed Maturity Plan - Series 55 - 1 Year Plan G Cumulative;INF109K01PW1;;10.4331;N.A.;N.A.;28-Oct-2011
115195;ICICI Prudential Fixed Maturity Plan - Series 55 - 1 Year Plan G Dividend;INF109K01PX9;;10.4331;N.A.;N.A.;28-Oct-2011
115349;ICICI Prudential Fixed Maturity Plan - Series 55 - 1 Year Plan H Cumulative;INF109K01QK4;;10.3449;N.A.;N.A.;28-Oct-2011
115350;ICICI Prudential Fixed Maturity Plan - Series 55 - 1 Year Plan H Dividend;INF109K01QL2;;10.3449;N.A.;N.A.;28-Oct-2011
114883;ICICI Prudential Fixed Maturity Plan - Series 55 - 13 Months Plan A Cumulative;INF109K01KB6;;10.6199;N.A.;N.A.;28-Oct-2011
114884;ICICI Prudential Fixed Maturity Plan - Series 55 - 13 Months Plan A Dividend;INF109K01KC4;;10.6199;N.A.;N.A.;28-Oct-2011
114981;ICICI Prudential Fixed Maturity Plan - Series 55 - 13 Months Plan B Cumulative;INF109K01KX0;;10.5770;N.A.;N.A.;28-Oct-2011
114980;ICICI Prudential Fixed Maturity Plan - Series 55 - 13 Months Plan B Dividend;INF109K01KY8;;10.5770;N.A.;N.A.;28-Oct-2011
114578;ICICI Prudential Fixed Maturity Plan - Series 55 - 14 Months Plan A Cumulative;INF109K01HZ1;;10.6114;N.A.;N.A.;28-Oct-2011
114785;ICICI Prudential Fixed Maturity Plan - Series 55 - 14 Months Plan B - Cumulative;INF109K01JH5;;10.6491;N.A.;N.A.;28-Oct-2011
114786;ICICI Prudential Fixed Maturity Plan - Series 55 - 14 Months Plan B - Dividend;INF109K01JI3;;10.6491;N.A.;N.A.;28-Oct-2011
114558;ICICI Prudential Fixed Maturity Plan - Series 55 - 15 Months Plan A Cumulative;INF109K01HV0;;10.6956;N.A.;N.A.;28-Oct-2011
114559;ICICI Prudential Fixed Maturity Plan - Series 55 - 15 Months Plan A Dividend;INF109K01HW8;;10.6956;N.A.;N.A.;28-Oct-2011
114708;ICICI Prudential Fixed Maturity Plan - Series 55 - 15 Months Plan B Cumulative;INF109K01IS4;;10.6417;N.A.;N.A.;28-Oct-2011
114709;ICICI Prudential Fixed Maturity Plan - Series 55 - 15 Months Plan B Dividend;INF109K01IT2;;10.6417;N.A.;N.A.;28-Oct-2011
114690;ICICI Prudential Fixed Maturity Plan - Series 55 - 16 Months Plan A Cumulative;INF109K01IK1;;10.6644;N.A.;N.A.;28-Oct-2011
114691;ICICI Prudential Fixed Maturity Plan - Series 55 - 16 Months Plan A Dividend;INF109K01IL9;;10.6644;N.A.;N.A.;28-Oct-2011
115302;ICICI Prudential Fixed Maturity Plan - Series 55 - 16 Months Plan B - Cumulative;INF109K01QE7;;10.3891;N.A.;N.A.;28-Oct-2011
115301;ICICI Prudential Fixed Maturity Plan - Series 55 - 16 Months Plan B - Dividend;INF109K01QF4;;10.3891;N.A.;N.A.;28-Oct-2011
115291;ICICI Prudential Fixed Maturity Plan - Series 55 - 6 Months Plan D - Cumulative;;;10.3739;N.A.;N.A.;28-Oct-2011
115292;ICICI Prudential Fixed Maturity Plan - Series 55 - 6 Months Plan D Dividend;;;10.3739;N.A.;N.A.;28-Oct-2011
114828;ICICI Prudential Fixed Maturity Plan - Series 56 - 1 Year Plan A Cumulative;INF109K01JT0;;10.6067;N.A.;N.A.;28-Oct-2011
114829;ICICI Prudential Fixed Maturity Plan - Series 56 - 1 Year Plan A Dividend;INF109K01JU8;;10.6067;N.A.;N.A.;28-Oct-2011
114896;ICICI Prudential Fixed Maturity Plan - Series 56 - 1 Year Plan B Cumulative;INF109K01KF7;;10.6064;N.A.;N.A.;28-Oct-2011
114897;ICICI Prudential Fixed Maturity Plan - Series 56 - 1 Year Plan B Dividend;INF109K01KG5;;10.6064;N.A.;N.A.;28-Oct-2011
114898;ICICI Prudential Fixed Maturity Plan - Series 56 - 1 Year Plan C Cumulative;INF109K01KD2;;10.4921;N.A.;N.A.;28-Oct-2011
114899;ICICI Prudential Fixed Maturity Plan - Series 56 - 1 Year Plan C Dividend;INF109K01KB0;;10.4921;N.A.;N.A.;28-Oct-2011
114985;ICICI Prudential Fixed Maturity Plan - Series 56 - 1 Year Plan D Cumulative;INF109K01OW4;;10.5964;N.A.;N.A.;28-Oct-2011
114986;ICICI Prudential Fixed Maturity Plan - Series 56 - 1 Year Plan D Dividend;INF109K01OX2;;10.5964;N.A.;N.A.;28-Oct-2011
115118;ICICI Prudential Fixed Maturity Plan - Series 56 - 1 Year Plan E Cumulative;INF109K01PS9;;10.4807;N.A.;N.A.;28-Oct-2011
115119;ICICI Prudential Fixed Maturity Plan - Series 56 - 1 Year Plan E Dividend;INF109K01PT7;;10.4807;N.A.;N.A.;28-Oct-2011
115177;ICICI Prudential Fixed Maturity Plan - Series 56 - 1 Year Plan F Cumulative;INF109K01PU5;;10.4188;N.A.;N.A.;28-Oct-2011
115176;ICICI Prudential Fixed Maturity Plan - Series 56 - 1 Year Plan F Dividend;INF109K01PV3;;10.4188;N.A.;N.A.;28-Oct-2011
115252;ICICI Prudential Fixed Maturity Plan - Series 57 - 1 Year Plan A Cumulative;INF109K01QA5;;10.4282;N.A.;N.A.;28-Oct-2011
115253;ICICI Prudential Fixed Maturity Plan - Series 57 - 1 Year Plan A Dividend;INF109K01QB3;;10.4282;N.A.;N.A.;28-Oct-2011
115313;ICICI Prudential Fixed Maturity Plan - Series 57 - 1 Year Plan B - Cumulative;INF109K01QG2;;10.3677;N.A.;N.A.;28-Oct-2011
115314;ICICI Prudential Fixed Maturity Plan - Series 57 - 1 Year Plan B - Dividend;INF109K01QH0;;10.3677;N.A.;N.A.;28-Oct-2011
115480;ICICI Prudential Fixed Maturity Plan - Series 57 - 1 Year Plan C - Cumulative;INF109K01QV1;;10.2664;N.A.;N.A.;28-Oct-2011
115479;ICICI Prudential Fixed Maturity Plan - Series 57 - 1 Year Plan C - Dividend;INF109K01QW9;;10.2664;N.A.;N.A.;28-Oct-2011
115649;ICICI Prudential Fixed Maturity Plan - Series 57 - 1 Year Plan D - Cumulative;INF109K01RH8;;10.1509;N.A.;N.A.;28-Oct-2011
115650;ICICI Prudential Fixed Maturity Plan - Series 57 - 1 Year Plan D - Dividend;INF109K01RI6;;10.1509;N.A.;N.A.;28-Oct-2011
115701;ICICI Prudential Fixed Maturity Plan - Series 57 - 3 Year Plan A Cumulative;INF109K01SV7;;10.0795;N.A.;N.A.;28-Oct-2011
115700;ICICI Prudential Fixed Maturity Plan - Series 57 - 3 Year Plan A Dividend;INF109K01SW5;;10.0795;N.A.;N.A.;28-Oct-2011
115923;ICICI Prudential Fixed Maturity Plan - Series 57 - 3 Year Plan B Cumulative;INF109K01WC9;;10.0210;N.A.;N.A.;28-Oct-2011
115924;ICICI Prudential Fixed Maturity Plan - Series 57 - 3 Year Plan B Dividend;INF109K01WD7;;10.0210;N.A.;N.A.;28-Oct-2011
115453;ICICI Prudential Fixed Maturity Plan - Series 58 - 1 Year Plan B - Cumulative;INF109K01QP3;;10.2590;N.A.;N.A.;28-Oct-2011
115454;ICICI Prudential Fixed Maturity Plan - Series 58 - 1 Year Plan B - Dividend;INF109K01QQ1;;10.2590;N.A.;N.A.;28-Oct-2011
115422;ICICI Prudential Fixed Maturity Plan - Series 58 - 2 Year Plan A Cumulative;INF109K01QR9;;10.3021;N.A.;N.A.;28-Oct-2011
115423;ICICI Prudential Fixed Maturity Plan - Series 58 - 2 Year Plan A Dividend;INF109K01QS7;;10.3021;N.A.;N.A.;28-Oct-2011
115570;ICICI Prudential Fixed Maturity Plan - Series 58 - 2 Year Plan C Cumulative;INF109K01QX7;;10.2276;N.A.;N.A.;28-Oct-2011
115571;ICICI Prudential Fixed Maturity Plan - Series 58 - 2 Year Plan C Dividend;INF109K01QY5;;10.2276;N.A.;N.A.;28-Oct-2011
115684;ICICI Prudential Fixed Maturity Plan - Series 58 - 2 Year Plan D Cumulative;INF109K01RN6;;10.0997;N.A.;N.A.;28-Oct-2011
115685;ICICI Prudential Fixed Maturity Plan - Series 58 - 2 Year Plan D Dividend;INF109K01RO4;;10.0997;N.A.;N.A.;28-Oct-2011
115662;ICICI Prudential Fixed Maturity Plan - Series 58 - 2 Year Plan E Cumulative;INF109K01RJ4;;10.1419;N.A.;N.A.;28-Oct-2011
115663;ICICI Prudential Fixed Maturity Plan - Series 58 - 2 Year Plan E Dividend;INF109K01RK2;;10.1419;N.A.;N.A.;28-Oct-2011
115573;ICICI Prudential Fixed Maturity Plan - Series 59 - 1 Year Plan A Cumulative;INF109K01RB1;;10.2214;N.A.;N.A.;28-Oct-2011
115572;ICICI Prudential Fixed Maturity Plan - Series 59 - 1 Year Plan A Dividend;INF109K01RC9;;10.2214;N.A.;N.A.;28-Oct-2011
115645;ICICI Prudential Fixed Maturity Plan - Series 59 - 1 Year Plan B Cumulative;INF109K01RF2;;10.1439;N.A.;N.A.;28-Oct-2011
115646;ICICI Prudential Fixed Maturity Plan - Series 59 - 1 Year Plan B Dividend;INF109K01RG0;;10.1439;N.A.;N.A.;28-Oct-2011
115674;ICICI Prudential Fixed Maturity Plan - Series 59 - 1 Year Plan C Cumulative;INF109K01RL0;;10.1134;N.A.;N.A.;28-Oct-2011
115675;ICICI Prudential Fixed Maturity Plan - Series 59 - 1 Year Plan C Dividend;INF109K01RM8;;10.1134;N.A.;N.A.;28-Oct-2011
115791;ICICI Prudential Fixed Maturity Plan - Series 59 - 1 Year Plan D Cumulative;INF109K01SZ8;;10.1044;N.A.;N.A.;28-Oct-2011
115792;ICICI Prudential Fixed Maturity Plan - Series 59 - 1 Year Plan D Dividend;INF109K01TA9;;10.1044;N.A.;N.A.;28-Oct-2011
115793;ICICI Prudential Fixed Maturity Plan - Series 59 - 1 Year Plan E Cumulative;INF109K01TB7;;10.0895;N.A.;N.A.;28-Oct-2011
115794;ICICI Prudential Fixed Maturity Plan - Series 59 - 1 Year Plan E Dividend;INF109K01TC5;;10.0895;N.A.;N.A.;28-Oct-2011
115933;ICICI Prudential Fixed Maturity Plan - Series 60-18 Months Plan A Cumulative;INF109K01WE5;;10.0231;N.A.;N.A.;28-Oct-2011
115932;ICICI Prudential Fixed Maturity Plan - Series 60-18 Months Plan A Dividend;INF109K01WF2;;10.0231;N.A.;N.A.;28-Oct-2011
112187;ICICI Prudential Fixed Maturity Plan Series 49 - 3 Years Plan A Institutional Dividend;INF109K01118;;10.2030;N.A.;N.A.;28-Oct-2011
112186;ICICI Prudential Fixed Maturity Plan Series 49 - 3 Years Plan A Institutional Growth;INF109K01126;;11.7060;N.A.;N.A.;28-Oct-2011
112185;ICICI Prudential Fixed Maturity Plan Series 49 - 3 Years Plan A Retail Dividend;INF109K01076;;10.1979;N.A.;N.A.;28-Oct-2011
112184;ICICI Prudential Fixed Maturity Plan Series 49 - 3 Years Plan A Retail Growth;INF109K01084;;11.6213;N.A.;N.A.;28-Oct-2011
112262;ICICI Prudential Fixed Maturity Plan Series 49 - 3 Years Plan B Institutional Growth;INF109K01258;;11.4874;N.A.;N.A.;28-Oct-2011
112261;ICICI Prudential Fixed Maturity Plan Series 49 - 3 Years Plan B Retail Dividend;INF109K01308;;10.5003;N.A.;N.A.;28-Oct-2011
112260;ICICI Prudential Fixed Maturity Plan Series 49 - 3 Years Plan B Retail Growth;INF109K01290;;11.4198;N.A.;N.A.;28-Oct-2011
112692;ICICI Prudential Fixed Maturity Plan - Series 51 - 3 Years Plan F Cumulative;INF109K01DH8;;11.0493;N.A.;N.A.;28-Oct-2011
112691;ICICI Prudential Fixed Maturity Plan - Series 51 - 3 Years Plan F Dividend;INF109K01DG0;;10.0952;N.A.;N.A.;28-Oct-2011
114220;ICICI Prudential Fixed Maturity Plan-Series 53-1 Year Plan B Cumulative;;;10.8030;N.A.;N.A.;28-Oct-2011
114221;ICICI Prudential Fixed Maturity Plan-Series 53-1 Year Plan B Dividend;;;10.8030;N.A.;N.A.;28-Oct-2011
114336;ICICI Prudential Fixed Maturity Plan-Series 53-18 Months Plan A Cumulative;INF109K01HD8;;10.7486;N.A.;N.A.;28-Oct-2011
114335;ICICI Prudential Fixed Maturity Plan-Series 53-18 Months Plan A Dividend;INF109K01HE6;;10.7486;N.A.;N.A.;28-Oct-2011
113140;ICICI Prudential Fixed Maturity Plan-Series 53-3 Years Plan A Cumulative;INF109K01FW2;;10.7172;N.A.;N.A.;28-Oct-2011
113139;ICICI Prudential Fixed Maturity Plan-Series 53-3 Years Plan A Dividend;INF109K01FX0;;10.0834;N.A.;N.A.;28-Oct-2011
114365;ICICI Prudential Fixed Maturity Plan-Series 53-3 Years Plan B Cumulative;INF109K01HF3;;10.6706;N.A.;N.A.;28-Oct-2011
114366;ICICI Prudential Fixed Maturity Plan-Series 53-3 Years Plan B Dividend;INF109K01HG1;;10.3434;N.A.;N.A.;28-Oct-2011
114289;ICICI Prudential Fixed Maturity Plan-Series 53-One Year Plan C-Cumulative;;;10.7891;N.A.;N.A.;28-Oct-2011
114290;ICICI Prudential Fixed Maturity Plan-Series 53-One Year Plan C-Dividend;;;10.0614;N.A.;N.A.;28-Oct-2011
114313;ICICI Prudential Fixed Maturity Plan-Series 53-One Year Plan D-Cumulative;;;10.7748;N.A.;N.A.;28-Oct-2011
114312;ICICI Prudential Fixed Maturity Plan-Series 53-One Year Plan D-Dividend;;;10.4088;N.A.;N.A.;28-Oct-2011
114390;ICICI Prudential Fixed Maturity Plan-Series 53-One Year Plan E Cumulative;INF109K01HJ5;;10.7366;N.A.;N.A.;28-Oct-2011
114391;ICICI Prudential Fixed Maturity Plan-Series 53-One Year Plan E Dividend;INF109K01HK3;;10.4153;N.A.;N.A.;28-Oct-2011
115837;ICICI Prudential Fixed Maturity Plan-Series 58-19 Months Plan F Cumulative;INF109K01TG6;;10.0686;N.A.;N.A.;28-Oct-2011
115838;ICICI Prudential Fixed Maturity Plan-Series 58-19 Months Plan F Dividend;INF109K01TH4;;10.0686;N.A.;N.A.;28-Oct-2011
115250;ICICI Prudential Multiple Yield Fund-Plan A Cumulative;INF109K01PY7;;10.2421;N.A.;N.A.;28-Oct-2011
115251;ICICI Prudential Multiple Yield Fund-Plan A Dividend;INF109K01PZ4;;10.2421;N.A.;N.A.;28-Oct-2011
115376;ICICI Prudential Multiple Yield Fund-Plan B Cumulative;INF109K01QN8;;10.0819;N.A.;N.A.;28-Oct-2011
115375;ICICI Prudential Multiple Yield Fund-Plan B Dividend;INF109K01QO6;;10.0819;N.A.;N.A.;28-Oct-2011
115608;ICICI Prudential Multiple Yield Fund-Plan C Cumulative;INF109K01RD7;;10.2945;N.A.;N.A.;28-Oct-2011
115609;ICICI Prudential Multiple Yield Fund-Plan C Dividend;INF109K01RE5;;10.2945;N.A.;N.A.;28-Oct-2011
115687;ICICI Prudential Multiple Yield Fund-Plan D Cumulative;INF109K01RP1;;10.2537;N.A.;N.A.;28-Oct-2011
115686;ICICI Prudential Multiple Yield Fund-Plan D Dividend;INF109K01RQ9;;10.2537;N.A.;N.A.;28-Oct-2011

IDBI Mutual Fund
114633;IDBI Fixed Maturity Plan - 367 Days Series I (February 2011) - A Dividend;INF397L01190;;10.6724;10.6724;10.6724;28-Oct-2011
114634;IDBI Fixed Maturity Plan - 367 Days Series I (February 2011) - A Growth;INF397L01208;;10.6724;10.6724;10.6724;28-Oct-2011
114816;IDBI Fixed Maturity Plan - 367 Days Series I (February 2011) - B Dividend;INF397L01240;;10.6722;10.6722;10.6722;28-Oct-2011
114817;IDBI Fixed Maturity Plan - 367 Days Series I (February 2011) - B Growth;INF397L01232;;10.6722;10.6722;10.6722;28-Oct-2011
115351;IDBI Fixed Maturity Plan - 367 Days Series I (June 2011) - E Dividend;INF397L01513;;10.3005;10.3005;10.3005;28-Oct-2011
115352;IDBI Fixed Maturity Plan - 367 Days Series I (June 2011) - E Growth;INF397L01521;;10.3005;10.3005;10.3005;28-Oct-2011
114889;IDBI Fixed Maturity Plan - 367 Days Series I (March 2011) - C Dividend;INF397L01380;;10.6451;10.6451;10.6451;28-Oct-2011
114890;IDBI Fixed Maturity Plan - 367 Days Series I (March 2011) - C Growth;INF397L01398;;10.6451;10.6451;10.6451;28-Oct-2011
115062;IDBI Fixed Maturity Plan - 367 Days Series I (March 2011) - D Dividend;INF397L01471;;10.5934;10.5934;10.5934;28-Oct-2011
115063;IDBI Fixed Maturity Plan - 367 Days Series I (March 2011) - D Growth;INF397L01489;;10.5934;10.5934;10.5934;28-Oct-2011
115355;IDBI Fixed Maturity Plan - 395 Days Series I (June 2011) - C Dividend;INF397L01497;;10.4018;10.4018;10.4018;28-Oct-2011
115356;IDBI Fixed Maturity Plan - 395 Days Series I (June 2011) - C Growth;INF397L01505;;10.4018;10.4018;10.4018;28-Oct-2011
114892;IDBI Fixed Maturity Plan - 395 Days Series I (March 2011) - A Dividend;INF397L01349;;10.6867;10.6867;10.6867;28-Oct-2011
114893;IDBI Fixed Maturity Plan - 395 Days Series I (March 2011) - A Growth;INF397L01356;;10.6867;10.6867;10.6867;28-Oct-2011
114997;IDBI Fixed Maturity Plan - 395 Days Series I (March 2011) - B Dividend;INF397L01364;;10.6399;10.6399;10.6399;28-Oct-2011
114998;IDBI Fixed Maturity Plan - 395 Days Series I (March 2011) - B Growth;INF397L01372;;10.6399;10.6399;10.6399;28-Oct-2011

Invesco Mutual Fund
113045;Religare Fixed Maturity Plan - Series III - Plan A to F - Plan B (18 Months) - Dividend Payout;INF205K01B16;;11.0244;11.0244;11.0244;28-Oct-2011
113046;Religare Fixed Maturity Plan - Series III - Plan A to F - Plan B (18 Months) - Growth;INF205K01BH8;;11.0244;11.0244;11.0244;28-Oct-2011
113445;Religare Fixed Maturity Plan - Series III - Plan F - Dividend Payout;INF205K01BQ9;;10.8224;10.8224;10.8224;28-Oct-2011
113446;Religare Fixed Maturity Plan - Series III - Plan F - Growth;INF205K01BP1;;10.8224;10.8224;10.8224;28-Oct-2011
114285;Religare Fixed Maturity Plan - Series IV - Plan D (13 Months) - Dividend Payout Option;INF205K01BX5;;10.7595;10.7595;10.7595;28-Oct-2011
114284;Religare Fixed Maturity Plan - Series IV - Plan D (13 Months) - Growth Option;INF205K01BY3;;10.7595;10.7595;10.7595;28-Oct-2011
114314;Religare Fixed Maturity Plan - Series IV - Plan E (370 Days) - Dividend Payout Option;INF205K01BZ0;;10.7774;10.7774;10.7774;28-Oct-2011
114315;Religare Fixed Maturity Plan - Series IV - Plan E (370 Days) - Growth Option;INF205K01CA1;;10.7774;10.7774;10.7774;28-Oct-2011
114478;Religare Fixed Maturity Plan - Series IV - Plan F (368 Days) - Dividend Payout Option;INF205K01CB9;;10.2316;10.2316;10.2316;28-Oct-2011
114479;Religare Fixed Maturity Plan - Series IV - Plan F (368 Days) - Growth Option;INF205K01CC7;;10.7394;10.7394;10.7394;28-Oct-2011
115769;Religare Fixed Maturity Plan - Series IX - Plan A (180 Days) - Dividend Payout Option;INF205K01EO8;;10.1234;10.1234;10.1234;28-Oct-2011
115770;Religare Fixed Maturity Plan - Series IX - Plan A (180 Days) - Growth Option;INF205K01EP5;;10.1234;10.1234;10.1234;28-Oct-2011
115771;Religare Fixed Maturity Plan - Series IX - Plan B (371 Days) - Dividend Payout Option;INF205K01EQ3;;10.1216;10.1216;10.1216;28-Oct-2011
115772;Religare Fixed Maturity Plan - Series IX - Plan B (371 Days) - Growth Option;INF205K01ER1;;10.1216;10.1216;10.1216;28-Oct-2011
115830;Religare Fixed Maturity Plan - Series IX - Plan C (182 Days) - Dividend Payout Option;INF205K01ES9;;10.1016;10.1016;10.1016;28-Oct-2011
115829;Religare Fixed Maturity Plan - Series IX - Plan C (182 Days) - Growth Option;INF205K01ET7;;10.1016;10.1016;10.1016;28-Oct-2011
115832;Religare Fixed Maturity Plan - Series IX - Plan D (370 Days) - Dividend Payout Option;INF205K01EU5;;10.0970;10.0970;10.0970;28-Oct-2011
115831;Religare Fixed Maturity Plan - Series IX - Plan D (370 Days) - Growth Option;INF205K01EV3;;10.0970;10.0970;10.0970;28-Oct-2011
116014;Religare Fixed Maturity Plan - Series IX - Plan F (13 Months) - Dividend Payout Option;INF205K01EY7;;10.0623;10.0623;10.0623;28-Oct-2011
116015;Religare Fixed Maturity Plan - Series IX - Plan F (13 Months) - Growth Option;INF205K01EZ4;;10.0623;10.0623;10.0623;28-Oct-2011
114511;Religare Fixed Maturity Plan - Series V - Plan A (368 Days) - Dividend Payout Option;INF205K01CN4;;10.6044;10.6044;10.6044;28-Oct-2011
114510;Religare Fixed Maturity Plan - Series V - Plan A (368 Days) - Growth Option;INF205K01CO2;;10.7073;10.7073;10.7073;28-Oct-2011
114590;Religare Fixed Maturity Plan - Series V - Plan B (13 Months) - Dividend Payout Option;INF205K01CP9;;10.4681;10.4681;10.4681;28-Oct-2011
114591;Religare Fixed Maturity Plan - Series V - Plan B (13 Months) - Growth Option;INF205K01CQ7;;10.7645;10.7645;10.7645;28-Oct-2011
114640;Religare Fixed Maturity Plan - Series V - Plan A to F - Plan D (13 Months) - Dividend Payout Option;INF205K01CT1;;10.7364;10.7364;10.7364;28-Oct-2011
114639;Religare Fixed Maturity Plan - Series V - Plan A to F - Plan D (13 Months) - Growth Option;INF205K01CU9;;10.7364;10.7364;10.7364;28-Oct-2011
114684;Religare Fixed Maturity Plan - Series V - Plan A to F - Plan E (370 Days) - Dividend Payout Option;INF205K01CV7;;10.6814;10.6814;10.6814;28-Oct-2011
114685;Religare Fixed Maturity Plan - Series V - Plan A to F - Plan E (370 Days) - Growth Option;INF205K01CW5;;10.6814;10.6814;10.6814;28-Oct-2011
114832;Religare Fixed Maturity Plan - Series VI - Plan A (13 Months) - Dividend Payout Option;INF205K01DB7;;10.6810;10.6810;10.6810;28-Oct-2011
114833;Religare Fixed Maturity Plan - Series VI - Plan A (13 Months) - Growth Option;INF205K01DC5;;10.6810;10.6810;10.6810;28-Oct-2011
114834;Religare Fixed Maturity Plan - Series VI - Plan B (370 Days) - Dividend Payout Option;INF205K01DD3;;10.6434;10.6434;10.6434;28-Oct-2011
114835;Religare Fixed Maturity Plan - Series VI - Plan B (370 Days) - Growth Option;INF205K01DE1;;10.6434;10.6434;10.6434;28-Oct-2011
115016;Religare Fixed Maturity Plan - Series VI - Plan C (13 Months) - Dividend Payout Option;INF205K01DF8;;10.6218;10.6218;10.6218;28-Oct-2011
115017;Religare Fixed Maturity Plan - Series VI - Plan C (13 Months) - Growth Option;INF205K01DG6;;10.6218;10.6218;10.6218;28-Oct-2011
115019;Religare Fixed Maturity Plan - Series VI - Plan D (370 Days) - Dividend Payout Option;INF205K01DH4;;10.4058;10.4058;10.4058;28-Oct-2011
115018;Religare Fixed Maturity Plan - Series VI - Plan D (370 Days) - Growth Option;INF205K01DI2;;10.6089;10.6089;10.6089;28-Oct-2011
115021;Religare Fixed Maturity Plan - Series VI - Plan E (367 Days) - Dividend Payout Option;INF205K01DJ0;;10.6031;10.6031;10.6031;28-Oct-2011
115020;Religare Fixed Maturity Plan - Series VI - Plan E (367 Days) - Growth Option;INF205K01DK8;;10.6030;10.6030;10.6030;28-Oct-2011
115096;Religare Fixed Maturity Plan - Series VII - Plan A (370 Days) - Dividend Payout Option;INF205K01DQ5;;10.5058;10.5058;10.5058;28-Oct-2011
115095;Religare Fixed Maturity Plan - Series VII - Plan A (370 Days) - Growth Option;INF205K01DR3;;10.5058;10.5058;10.5058;28-Oct-2011
115244;Religare Fixed Maturity Plan - Series VII - Plan C (369 Days) - Dividend Payout;INF205K01DU7;;10.4545;10.4545;10.4545;28-Oct-2011
115245;Religare Fixed Maturity Plan - Series VII - Plan C (369 Days) - Growth;INF205K01DV5;;10.4545;10.4545;10.4545;28-Oct-2011
115283;Religare Fixed Maturity Plan - Series VII - Plan E (180 Days) - Dividend Payout Option;INF205K01DY9;;10.4149;10.4149;10.4149;28-Oct-2011
115282;Religare Fixed Maturity Plan - Series VII - Plan E (180 Days) - Growth Option;INF205K01DZ6;;10.4149;10.4149;10.4149;28-Oct-2011
115394;Religare Fixed Maturity Plan - Series VIII - Plan A (368 Days) - Dividend Payout Option;INF205K01EC3;;10.3853;10.3853;10.3853;28-Oct-2011
115395;Religare Fixed Maturity Plan - Series VIII - Plan A (368 Days) - Growth Option;INF205K01ED1;;10.3853;10.3853;10.3853;28-Oct-2011
115397;Religare Fixed Maturity Plan - Series VIII - Plan B (13 Months) - Dividend Payout Option;INF205K01EE9;;10.4292;10.4292;10.4292;28-Oct-2011
115396;Religare Fixed Maturity Plan - Series VIII - Plan B (13 Months) - Growth Option;INF205K01EF6;;10.4292;10.4292;10.4292;28-Oct-2011
115654;Religare Fixed Maturity Plan - Series VIII - Plan F (369 Days) - Dividend Payout Option;INF205K01EM2;;10.1426;10.1426;10.1426;28-Oct-2011
115655;Religare Fixed Maturity Plan - Series VIII - Plan F (369 Days) - Growth Option;INF205K01EN0;;10.1426;10.1426;10.1426;28-Oct-2011
114752;Religare Invesco Capital Protection Oriented Fund - Series I;INF205K01CZ8;;10.1978;10.1978;10.1978;28-Oct-2011

JM Financial Mutual Fund
114676;JM Fixed Maturity Fund - Series XIX - Plan A (JM FMF - XIX - A) - Regular plan - Dividend option;INF192K01296;;10.6990;0.0000;0.0000;28-Oct-2011
114677;JM Fixed Maturity Fund - Series XIX - Plan A (JM FMF - XIX - A) - Regular plan - Growth option;INF192K01304;;10.6990;0.0000;0.0000;28-Oct-2011
114988;JM Fixed Maturity Fund - Series XIX - Plan C (JM FMF - XIX - C) - Regular plan - Dividend option;INF192K01338;;10.6181;0.0000;0.0000;28-Oct-2011
114987;JM Fixed Maturity Fund - Series XIX - Plan C (JM FMF - XIX - C) - Regular plan - Growth option;INF192K01346;;10.6181;0.0000;0.0000;28-Oct-2011
115050;JM Fixed Maturity Fund - Series XIX - Plan C (JM FMF - XIX - D) - Regular plan - Dividend option;INF192K01353;;10.6524;0.0000;0.0000;28-Oct-2011
115049;JM Fixed Maturity Fund - Series XIX - Plan D (JM FMF - XIX - D) - Regular plan - Growth option;INF192K01361;;10.6524;0.0000;0.0000;28-Oct-2011
115610;JM Fixed Maturity Fund - Series XX - Plan A (JM FMF - XX - A) - Regular plan - Dividend option;INF192K01411;;10.2357;0.0000;0.0000;28-Oct-2011
115611;JM Fixed Maturity Fund - Series XX - Plan A (JM FMF - XX - A) - Regular plan - Growth option;INF192K01429;;10.2357;0.0000;0.0000;28-Oct-2011
115775;JM Fixed Maturity Fund - Series XX - Plan B (JM FMF - XX - B) - Regular plan - Dividend option;INF192K01437;;10.0923;0.0000;0.0000;28-Oct-2011
115776;JM Fixed Maturity Fund - Series XX - Plan B (JM FMF - XX - B) - Regular plan - Growth option;INF192K01445;;10.0923;0.0000;0.0000;28-Oct-2011
115805;JM Fixed Maturity Fund - Series XX - Plan C (JM FMF - XX - C) - Regular plan - Dividend option;INF192K01452;;10.0933;0.0000;0.0000;28-Oct-2011
115804;JM Fixed Maturity Fund - Series XX - Plan C (JM FMF - XX - C) - Regular plan - Growth option;INF192K01460;;10.0933;0.0000;0.0000;28-Oct-2011
115806;JM Fixed Maturity Fund - Series XX - Plan D (JM FMF - XX - D) - Regular plan - Dividend option;;;10.0769;0.0000;0.0000;28-Oct-2011
115807;JM Fixed Maturity Fund - Series XX - Plan D (JM FMF - XX - D) - Regular plan - Growth option;;;10.0769;0.0000;0.0000;28-Oct-2011
107278;JM Interval Fund - Quarterly plan 1 (JM QIF - 1) - Institutional plan - Dividend option;INF192K01395;;10.0913;0.0000;0.0000;28-Oct-2011
107277;JM Interval Fund - Quarterly plan 1 (JM QIF - 1) - Institutional plan - Growth option;INF192K01403;;13.2862;0.0000;0.0000;28-Oct-2011
107276;JM Interval Fund - Quarterly plan 1 (JM QIF - 1) - Regular plan - Dividend option;INF192K01379;;10.0886;0.0000;0.0000;28-Oct-2011
107275;JM Interval Fund - Quarterly plan 1 (JM QIF - 1) - Regular plan - Growth option;INF192K01387;;13.1276;0.0000;0.0000;28-Oct-2011

JPMorgan Mutual Fund
114253;JPMorgan India Capital Protection Oriented Fund - Dividend Option;INF843K01476;;10.2572;10.2572;10.2572;28-Oct-2011
114254;JPMorgan India Capital Protection Oriented Fund - Growth Option;INF843K01468;;10.2572;10.2572;10.2572;28-Oct-2011
115054;JPMorgan India Fixed Maturity Plan 367D Series 1 - Dividend Option;INF843K01591;;10.5718;10.5718;10.5718;28-Oct-2011
115053;JPMorgan India Fixed Maturity Plan 367D Series 1 - Growth Option;INF843K01583;;10.5718;10.5718;10.5718;28-Oct-2011
114654;JPMorgan India Fixed Maturity Plan 400D Series 1 - Dividend Option;INF843K01559;;10.6544;10.6544;10.6544;28-Oct-2011
114653;JPMorgan India Fixed Maturity Plan 400D Series 1 - Growth Option;INF843K01542;;10.6544;10.6544;10.6544;28-Oct-2011

Kotak Mahindra Mutual Fund
114208;Kotak FMP 15M Series 6 Dividend;INF174K01856;;10.4201;10.4201;10.4201;28-Oct-2011
114207;Kotak FMP 15M Series 6 Growth;INF174K01849;;10.8036;10.8036;10.8036;28-Oct-2011
114245;Kotak FMP 15M Series 7 Dividend;INF174K01872;;10.8139;10.8139;10.8139;28-Oct-2011
114244;Kotak FMP 15M Series 7 Growth;INF174K01864;;10.8139;10.8139;10.8139;28-Oct-2011
115108;Kotak FMP 18M Series 6 - Dividend;INF174K01CP7;;10.4435;10.4435;10.4435;28-Oct-2011
115109;Kotak FMP 18M Series 6 - Growth;INF174K01CO0;;10.4435;10.4435;10.4435;28-Oct-2011
112677;Kotak FMP 24M Series 1 - Dividend;INF174K01534;;11.0891;11.0891;11.0891;28-Oct-2011
112678;Kotak FMP 24M Series 1 - Growth;INF174K01526;;11.0891;11.0891;11.0891;28-Oct-2011
113303;Kotak FMP 24M Series 2 - Dividend;INF174K01757;;10.8114;10.8114;10.8114;28-Oct-2011
113304;Kotak FMP 24M Series 2 - Growth;INF174K01740;;10.8114;10.8114;10.8114;28-Oct-2011
114951;Kotak FMP 24M Series 4 - Dividend;INF174K01AZ0;;10.5251;10.5251;10.5251;28-Oct-2011
114952;Kotak FMP 24M Series 4 - Growth;INF174K01AY3;;10.5251;10.5251;10.5251;28-Oct-2011
113404;Kotak FMP 370 Days Series 10 Dividend;INF174K01815;;10.8157;10.8157;10.8157;28-Oct-2011
113405;Kotak FMP 370 Days Series 10 Growth;INF174K01807;;10.8157;10.8157;10.8157;28-Oct-2011
114325;Kotak FMP Series 28 (370 Days) - Dividend;INF174K01898;;10.1015;10.1015;10.1015;28-Oct-2011
114324;Kotak FMP Series 28 (370 Days) - Growth;INF174K01880;;10.7476;10.7476;10.7476;28-Oct-2011
114356;Kotak FMP Series 29 (370 Days) Dividend;INF174K01914;;10.7705;10.7705;10.7705;28-Oct-2011
114355;Kotak FMP Series 29 (370 Days) Growth;INF174K01906;;10.7705;10.7705;10.7705;28-Oct-2011
114396;Kotak FMP Series 30 (370 Days) - Dividend;INF174K01AA3;;10.7481;10.7481;10.7481;28-Oct-2011
114397;Kotak FMP Series 30 (370 Days) - Growth;INF174K01997;;10.7481;10.7481;10.7481;28-Oct-2011
114449;Kotak FMP Series 32 (370 Days) - Dividend;INF174K01AE5;;10.0812;10.0812;10.0812;28-Oct-2011
114448;Kotak FMP Series 32 (370 Days) - Growth;INF174K01AD7;;10.7401;10.7401;10.7401;28-Oct-2011
114512;Kotak FMP Series 33 (370 Days) - Dividend;INF174K01AG0;;10.7039;10.7039;10.7039;28-Oct-2011
114513;Kotak FMP Series 33 (370 Days) - Growth;INF174K01AF2;;10.7039;10.7039;10.7039;28-Oct-2011
114594;Kotak FMP Series 34 (370 Days) - Dividend;INF174K01AI6;;10.46;10.46;10.46;28-Oct-2011
114595;Kotak FMP Series 34 (370 Days) - Growth;INF174K01AH8;;10.6913;10.6913;10.6913;28-Oct-2011
114629;Kotak FMP Series 35 (370 Days) - Dividend;INF174K01AK2;;10.6645;10.6645;10.6645;28-Oct-2011
114628;Kotak FMP Series 35 (370 Days) - Growth;INF174K01AJ4;;10.6645;10.6645;10.6645;28-Oct-2011
114637;Kotak FMP Series 36 (370 Days) - Dividend;INF174K01AM8;;10.693;10.693;10.693;28-Oct-2011
114638;Kotak FMP Series 36 (370 Days) - Growth;INF174K01AL0;;10.693;10.693;10.693;28-Oct-2011
114647;Kotak FMP Series 37 (370 Days) - Dividend;INF174K01AO4;;10.483;10.483;10.483;28-Oct-2011
114648;Kotak FMP Series 37 (370 Days) - Growth;INF174K01AN6;;10.6856;10.6856;10.6856;28-Oct-2011
114700;Kotak FMP Series 38 (370 Days) - Dividend;INF174K01AQ9;;10.4762;10.4762;10.4762;28-Oct-2011
114701;Kotak FMP Series 38 (370 Days) - Growth;INF174K01AP1;;10.6801;10.6801;10.6801;28-Oct-2011
114755;Kotak FMP Series 39 (370 Days) - Dividend;INF174K01AS5;;10.632;10.632;10.632;28-Oct-2011
114756;Kotak FMP Series 39 (370 Days) - Growth;INF174K01AR7;;10.632;10.632;10.632;28-Oct-2011
114919;Kotak FMP Series 40 (370 Days) - Dividend;INF174K01BD5;;10.5997;10.5997;10.5997;28-Oct-2011
114920;Kotak FMP Series 40 (370 Days) - Growth;INF174K01BC7;;10.5997;10.5997;10.5997;28-Oct-2011
114941;Kotak FMP Series 41 (374 Days) - Dividend;INF174K01BB9;;10.5463;10.5463;10.5463;28-Oct-2011
114942;Kotak FMP Series 41 (374 Days) - Growth;INF174K01BA1;;10.5463;10.5463;10.5463;28-Oct-2011
114944;Kotak FMP Series 42 (368 Days) - Dividend;INF174K01BF0;;10.5963;10.5963;10.5963;28-Oct-2011
114943;Kotak FMP Series 42 (368 Days) - Growth;INF174K01BE3;;10.5963;10.5963;10.5963;28-Oct-2011
115038;Kotak FMP Series 43 (367 Days) - Dividend;INF174K01BH6;;10.5748;10.5748;10.5748;28-Oct-2011
115039;Kotak FMP Series 43 (367 Days) - Growth;INF174K01BG8;;10.5748;10.5748;10.5748;28-Oct-2011
115106;Kotak FMP Series 44 (370 Days) - Dividend;INF174K01CN2;;10.4907;10.4907;10.4907;28-Oct-2011
115107;Kotak FMP Series 44 (370 Days) - Growth;INF174K01CM4;;10.4907;10.4907;10.4907;28-Oct-2011
115178;Kotak FMP Series 45 (370 Days) - Dividend;INF174K01CR3;;10.4827;10.4827;10.4827;28-Oct-2011
115179;Kotak FMP Series 45 (370 Days) - Growth;INF174K01CQ5;;10.4827;10.4827;10.4827;28-Oct-2011
115182;Kotak FMP Series 46 (370 Days) - Dividend;INF174K01CT9;;10.4194;10.4194;10.4194;28-Oct-2011
115183;Kotak FMP Series 46 (370 Days) - Growth;INF174K01CS1;;10.4194;10.4194;10.4194;28-Oct-2011
115185;Kotak FMP Series 47 (24M) - Dividend;INF174K01CV5;;10.3928;10.3928;10.3928;28-Oct-2011
115186;Kotak FMP Series 47 (24M) - Growth;INF174K01CU7;;10.3928;10.3928;10.3928;28-Oct-2011
115330;Kotak FMP Series 48 (272 Days) - Dividend;INF174K01CX1;;10.409;10.409;10.409;28-Oct-2011
115331;Kotak FMP Series 48 (272 Days) - Growth;INF174K01CW3;;10.409;10.409;10.409;28-Oct-2011
115332;Kotak FMP Series 49 (370 Days) - Dividend;INF174K01CZ6;;10.3484;10.3484;10.3484;28-Oct-2011
115333;Kotak FMP Series 49 (370 Days) - Growth;INF174K01CY9;;10.3484;10.3484;10.3484;28-Oct-2011
115357;Kotak FMP Series 50 (24M) - Dividend;INF174K01DB5;;10.3309;10.3309;10.3309;28-Oct-2011
115358;Kotak FMP Series 50 (24M) - Growth;INF174K01DA7;;10.3309;10.3309;10.3309;28-Oct-2011
115430;Kotak FMP Series 51 (370 Days) - Dividend;INF174K01DD1;;10.3313;10.3313;10.3313;28-Oct-2011
115431;Kotak FMP Series 51 (370 Days) - Growth;INF174K01DC3;;10.3313;10.3313;10.3313;28-Oct-2011
115481;Kotak FMP Series 52 (370 Days) - Dividend;INF174K01DF6;;10.2839;10.2839;10.2839;28-Oct-2011
115482;Kotak FMP Series 52 (370 Days) - Growth;INF174K01DE9;;10.2839;10.2839;10.2839;28-Oct-2011
115516;Kotak FMP Series 53 (245 Days) - Dividend;INF174K01DH2;;10.3176;10.3176;10.3176;28-Oct-2011
115517;Kotak FMP Series 53 (245 Days) - Growth;INF174K01DG4;;10.3176;10.3176;10.3176;28-Oct-2011
115590;Kotak FMP Series 54 (370 Days) - Dividend;INF174K01DJ8;;10.2461;10.2461;10.2461;28-Oct-2011
115591;Kotak FMP Series 54 (370 Days) - Growth;INF174K01DI0;;10.2461;10.2461;10.2461;28-Oct-2011
115628;Kotak FMP Series 55 (24M) - Dividend;INF174K01DL4;;10.153;10.153;10.153;28-Oct-2011
115627;Kotak FMP Series 55 (24M) - Growth;INF174K01DK6;;10.153;10.153;10.153;28-Oct-2011
115694;Kotak FMP Series 56 (370 Days) - Dividend;INF174K01DN0;;10.2024;10.2024;10.2024;28-Oct-2011
115695;Kotak FMP Series 56 (370 Days) - Growth;INF174K01DM2;;10.2024;10.2024;10.2024;28-Oct-2011
115852;Kotak FMP Series 57 (370 Days) - Dividend;INF174K01DP5;;10.089;10.089;10.089;28-Oct-2011
115851;Kotak FMP Series 57 (370 Days) - Growth;INF174K01DO8;;10.089;10.089;10.089;28-Oct-2011
115853;Kotak FMP Series 58 (24) - Growth;INF174K01DQ3;;10.0625;10.0625;10.0625;28-Oct-2011
115854;Kotak FMP Series 58 (24M) - Dividend;INF174K01DR1;;10.0625;10.0625;10.0625;28-Oct-2011
115925;FMP Series 59 (160 Days) - Dividend;INF174K01EI8;;10.0634;10.0634;10.0634;28-Oct-2011
115926;FMP Series 59 (160 Days) - Growth;INF174K01EH0;;10.0634;10.0634;10.0634;28-Oct-2011
115964;FMP Series 60 (370 Days) - Dividend;INF174K01GH5;;10.0334;10.0334;10.0334;28-Oct-2011
115965;FMP Series 60 (370 Days) - Growth;INF174K01GG7;;10.0334;10.0334;10.0334;28-Oct-2011

L&T Mutual Fund
113316;L&T FMP - I (September24M A) - Dividend Payout Option;INF917K01486;;10.7971;0.0000;0.0000;28-Oct-2011
113315;L&T FMP - I (September24M A) - Growth;INF917K01478;;10.7971;0.0000;0.0000;28-Oct-2011
114345;L&T FMP - II (December370D A) - Dividend (Payout);;;10.7668;0.0000;0.0000;28-Oct-2011
114346;L&T FMP - II (December370D A) - Growth;;;10.7668;0.0000;0.0000;28-Oct-2011
114535;L&T FMP - II (January15M A) - Dividend (Payout);INF917K01635;;10.7138;0.0000;0.0000;28-Oct-2011
114536;L&T FMP - II (January15M A) - Growth;INF917K01627;;10.7138;0.0000;0.0000;28-Oct-2011
114214;L&T FMP - II (November12M A) - Dividend (Payout);;;10.8067;0.0000;0.0000;28-Oct-2011
114215;L&T FMP - II (November12M A) - Growth;;;10.8067;0.0000;0.0000;28-Oct-2011
115136;L&T FMP - III (April370D A) - Dividend (Payout);INF917K01809;;10.4696;0.0000;0.0000;28-Oct-2011
115135;L&T FMP - III (April370D A) - Growth;INF917K01817;;10.4696;0.0000;0.0000;28-Oct-2011
114806;L&T FMP - III (February366D A) - Dividend (Payout);INF917K01700;;10.6595;0.0000;0.0000;28-Oct-2011
114807;L&T FMP - III (February366D A) - Growth;INF917K01718;;10.6595;0.0000;0.0000;28-Oct-2011
114600;L&T FMP - III (January369D A) - Dividend (Payout);INF917K01668;;10.6941;0.0000;0.0000;28-Oct-2011
114601;L&T FMP - III (January369D A) - Growth;INF917K01676;;10.6941;0.0000;0.0000;28-Oct-2011
115315;L&T FMP - III (June366D A) - Dividend Payout;INF917K01841;;10.3634;0.0000;0.0000;28-Oct-2011
115316;L&T FMP - III (June366D A) - Growth;INF917K01858;;10.3634;0.0000;0.0000;28-Oct-2011
114862;L&T FMP - III (March366D A) - Dividend (Payout);INF917K01726;;10.5994;0.0000;0.0000;28-Oct-2011
114861;L&T FMP - III (March366D A) - Growth;INF917K01734;;10.5994;0.0000;0.0000;28-Oct-2011
115641;L&T FMP - IV (August91D A) - Dividend (Payout);;;10.1947;0.0000;0.0000;28-Oct-2011
115642;L&T FMP - IV (August91D A) - Growth;;;10.1947;0.0000;0.0000;28-Oct-2011
115606;L&T FMP - IV (July24M A) - Dividend (Payout);INF917K01924;;10.1430;0.0000;0.0000;28-Oct-2011
115607;L&T FMP - IV (July24M A) - Growth;INF917K01932;;10.1430;0.0000;0.0000;28-Oct-2011
115537;L&T FMP - IV (June367D A) - Dividend Payout;INF917K01908;;10.2930;0.0000;0.0000;28-Oct-2011
115538;L&T FMP - IV (June367D A) - Growth;INF917K01916;;10.2930;0.0000;0.0000;28-Oct-2011
115870;L&T FMP - IV (September367D A) - Dividend (Payout);INF917K01AD9;;10.0754;0.0000;0.0000;28-Oct-2011
115871;L&T FMP - IV (September367D A) - Growth;INF917K01AE7;;10.0754;0.0000;0.0000;28-Oct-2011
115850;L&T FMP - IV (September91D A) - Dividend (Payout);;;10.0948;0.0000;0.0000;28-Oct-2011
115849;L&T FMP - IV (September91D A) - Growth;;;10.0948;0.0000;0.0000;28-Oct-2011

LIC Mutual Fund
115819;LIC NOMURA MF FIXED MATURITY PLAN - SERIES 49 - DIVIDEND OPTION;INF767K01410;;10.1051;0.0000;0.0000;28-Oct-2011
115818;LIC NOMURA MF FIXED MATURITY PLAN SERIES 49 - GROWTH OPTION;INF767K01428;;10.1051;0.0000;0.0000;28-Oct-2011
115596;LIC NOMURA MF FIXED MATURITY PLAN SERIES 48 - DIVIDEND OPTION;INF767K01394;;10.2400;0.0000;0.0000;28-Oct-2011
115597;LIC NOMURA MF FIXED MATURITY PLAN SERIES 48 - GROWTH OPTION;INF767K01402;;10.2400;0.0000;0.0000;28-Oct-2011

Nippon India Mutual Fund
114843;Reliance Dual Advantage Fixed Tenure Fund - I - Plan I - Dividend Payout Option;INF204K01LD9;;10.1975;10.1975;10.1975;28-Oct-2011
114842;Reliance Dual Advantage Fixed Tenure Fund - I - Plan I - Growth Option;INF204K01LC1;;10.1975;10.1975;10.1975;28-Oct-2011
114845;Reliance Dual Advantage Fixed Tenure Fund - I - Plan J - Dividend Payout Option Option;INF204K01LF4;;10.2163;10.2163;10.2163;28-Oct-2011
114844;Reliance Dual Advantage Fixed Tenure Fund - I - Plan J - Growth Option;INF204K01LE7;;10.2163;10.2163;10.2163;28-Oct-2011
114847;Reliance Dual Advantage Fixed Tenure Fund - I - Plan K - Dividend Payout Option;INF204K01LH0;;10.2859;10.2859;10.2859;28-Oct-2011
114846;Reliance Dual Advantage Fixed Tenure Fund - I - Plan K - Growth Option;INF204K01LG2;;10.2859;10.2859;10.2859;28-Oct-2011
114849;Reliance Dual Advantage Fixed Tenure Fund - I - Plan L - Dividend Payout Option;INF204K01LJ6;;10.1328;10.1328;10.1328;28-Oct-2011
114848;Reliance Dual Advantage Fixed Tenure Fund - I - Plan L - Growth Option;INF204K01LI8;;10.1328;10.1328;10.1328;28-Oct-2011
112914;Reliance Dual Advantage Fixed Tenure Fund - Plan A - Dividend Payout option;INF204K01HH8;;10.2175;10.2175;10.2175;28-Oct-2011
112913;Reliance Dual Advantage Fixed Tenure Fund - Plan A - Growth option;INF204K01HG0;;10.8044;10.8044;10.8044;28-Oct-2011
113353;Reliance Dual Advantage Fixed Tenure Fund - Plan B - Dividend Payout Option;INF204K01JG6;;10.1596;10.1596;10.1596;28-Oct-2011
113352;Reliance Dual Advantage Fixed Tenure Fund - Plan B - Growth Option;INF204K01JF8;;10.1596;10.1596;10.1596;28-Oct-2011
113344;Reliance Dual Advantage Fixed Tenure Fund - Plan I - Dividend Payout Option;INF204K01JE1;;10.2678;10.2678;10.2678;28-Oct-2011
113343;Reliance Dual Advantage Fixed Tenure Fund - Plan I - Growth Option;INF204K01JD3;;10.3987;10.3987;10.3987;28-Oct-2011
112917;Reliance Fixed Horizon Fund - XIV - Series 10 - Dividend Payout Option;INF204K01HJ4;;10.4274;10.4274;10.4274;28-Oct-2011
112918;Reliance Fixed Horizon Fund - XIV - Series 10 - Growth Option;INF204K01HI6;;10.9928;10.9928;10.9928;28-Oct-2011
112857;Reliance Fixed Horizon Fund - XIV - Series 7 - Dividend Payout Option;INF204K01GU3;;10.4162;10.4162;10.4162;28-Oct-2011
112806;Reliance Fixed Horizon Fund - XIV - Series 7 - Growth Option;INF204K01GT5;;11.1850;11.1850;11.1850;28-Oct-2011
112845;Reliance Fixed Horizon Fund - XIV - Series 8 - Growth Option;;;11.1874;11.1874;11.1874;28-Oct-2011
112894;Reliance Fixed Horizon Fund - XIV - Series 9 - Dividend Payout Option;INF204K01HD7;;10.4233;10.4233;10.4233;28-Oct-2011
112866;Reliance Fixed Horizon Fund - XIV - Series 9 - Growth Option;INF204K01HC9;;11.0583;11.0583;11.0583;28-Oct-2011
114717;Reliance Fixed Horizon Fund - XIX - Series 1 - Dividend Payout Otpion;INF204K01KX9;;10.4353;10.4353;10.4353;28-Oct-2011
114716;Reliance Fixed Horizon Fund - XIX - Series 1 - Growth Otpion;INF204K01KW1;;10.6664;10.6664;10.6664;28-Oct-2011
114880;Reliance Fixed Horizon Fund - XIX - Series 10 - Dividend Payout Option;INF204K01LR9;;10.4461;10.4461;10.4461;28-Oct-2011
114879;Reliance Fixed Horizon Fund - XIX - Series 10 - Growth Option;INF204K01LQ1;;10.5873;10.5873;10.5873;28-Oct-2011
114888;Reliance Fixed Horizon Fund - XIX - Series 11 - Dividend Payout Option;INF204K01LP3;;10.4379;10.4379;10.4379;28-Oct-2011
114887;Reliance Fixed Horizon Fund - XIX - Series 11 - Growth Option;INF204K01LO6;;10.6073;10.6073;10.6073;28-Oct-2011
115121;Reliance Fixed Horizon Fund - XIX - Series 12 - Dividend payout Option;INF204K01MJ4;;10.4314;10.4314;10.4314;28-Oct-2011
115120;Reliance Fixed Horizon Fund - XIX - Series 12 - Growth Option;INF204K01MI6;;10.4877;10.4877;10.4877;28-Oct-2011
114882;Reliance Fixed Horizon Fund - XIX - Series 13 - Dividend Payout Option;INF204K01LN8;;10.4456;10.4456;10.4456;28-Oct-2011
114881;Reliance Fixed Horizon Fund - XIX - Series 13 - Growth Option;INF204K01LM0;;10.6088;10.6088;10.6088;28-Oct-2011
115111;Reliance Fixed Horizon Fund - XIX - Series 19 - Dividend payout Option;INF204K01MH8;;10.4364;10.4364;10.4364;28-Oct-2011
115110;Reliance Fixed Horizon Fund - XIX - Series 19 - Growth Option;INF204K01MG0;;10.4364;10.4364;10.4364;28-Oct-2011
114737;Reliance Fixed Horizon Fund - XIX - Series 2 - Dividend Payout Option;INF204K01KT7;;10.4219;10.4219;10.4219;28-Oct-2011
114736;Reliance Fixed Horizon Fund - XIX - Series 2 - Growth Option;INF204K01KS9;;10.6237;10.6237;10.6237;28-Oct-2011
115231;Reliance Fixed Horizon Fund - XIX - Series 20 - Dividend payout Option;INF204K01MP1;;10.3906;10.3906;10.3906;28-Oct-2011
115232;Reliance Fixed Horizon Fund - XIX - Series 20 - Growth Option;INF204K01MO4;;10.3906;10.3906;10.3906;28-Oct-2011
115378;Reliance Fixed Horizon Fund - XIX - Series 21 - Dividend Payout Option;INF204K01MX5;;10.2729;10.2729;10.2729;28-Oct-2011
115377;Reliance Fixed Horizon Fund - XIX - Series 21 - Growth Option;INF204K01MW7;;10.2729;10.2729;10.2729;28-Oct-2011
115563;Reliance Fixed Horizon Fund - XIX - Series 22 - Dividend Payout Option;INF204K01NP9;;10.2262;10.2262;10.2262;28-Oct-2011
115562;Reliance Fixed Horizon Fund - XIX - Series 22 - Growth Option;INF204K01NO2;;10.2262;10.2262;10.2262;28-Oct-2011
115113;Reliance Fixed Horizon Fund - XIX - Series 3 - Dividend payout Option;;;10.4130;10.4130;10.4130;28-Oct-2011
115112;Reliance Fixed Horizon Fund - XIX - Series 3 - Growth Option;;;10.4664;10.4664;10.4664;28-Oct-2011
115149;Reliance Fixed Horizon Fund - XIX - Series 4 - Dividend Payout Option;INF204K01ML0;;10.0973;10.0973;10.0973;28-Oct-2011
115150;Reliance Fixed Horizon Fund - XIX - Series 4 - Growth Option;INF204K01MK2;;10.4652;10.4652;10.4652;28-Oct-2011
115230;Reliance Fixed Horizon Fund - XIX - Series 5 - Dividend payout Option;INF204K01MN6;;10.4104;10.4104;10.4104;28-Oct-2011
115229;Reliance Fixed Horizon Fund - XIX - Series 5 - Growth Option;INF204K01MM8;;10.4104;10.4104;10.4104;28-Oct-2011
115429;Reliance Fixed Horizon Fund - XIX - Series 6 - Dividend Payout Option;INF204K01NH6;;10.3273;10.3273;10.3273;28-Oct-2011
115428;Reliance Fixed Horizon Fund - XIX - Series 6 - Growth Option;INF204K01NG8;;10.3273;10.3273;10.3273;28-Oct-2011
114739;Reliance Fixed Horizon Fund - XIX - Series 7 - Dividend Payout Option;INF204K01KV3;;10.4462;10.4462;10.4462;28-Oct-2011
114738;Reliance FIxed Horizon Fund - XIX - Series 7 - Growth Option;INF204K01KU5;;10.6408;10.6408;10.6408;28-Oct-2011
114827;Reliance Fixed Horizon Fund - XIX - Series 8 - Dividend Payout Option;INF204K01LB3;;10.4348;10.4348;10.4348;28-Oct-2011
114826;Reliance Fixed Horizon Fund - XIX - Series 8 - Growth Option;INF204K01LA5;;10.6404;10.6404;10.6404;28-Oct-2011
114878;Reliance Fixed Horizon Fund - XIX - Series 9 - Dividend Payout Option;INF204K01LT5;;10.4326;10.4326;10.4326;28-Oct-2011
114877;Reliance Fixed Horizon Fund - XIX - Series 9 - Growth Option;INF204K01LS7;;10.6103;10.6103;10.6103;28-Oct-2011
113425;Reliance Fixed Horizon Fund - XVI - Series 2 - Dividend Payout Option;;;10.4102;10.4102;10.4102;28-Oct-2011
113424;Reliance Fixed Horizon Fund - XVI - Series 2 - Growth Option;;;10.8130;10.8130;10.8130;28-Oct-2011
114236;Reliance Fixed Horizon Fund - XVI - Series 3 - Dividend Payout Option;;;10.4062;10.4062;10.4062;28-Oct-2011
114235;Reliance Fixed Horizon Fund - XVI - Series 3 - Growth Option;;;10.7811;10.7811;10.7811;28-Oct-2011
114273;Reliance Fixed Horizon Fund - XVI - Series - 4 - Dividend Payout Option;;;10.4015;10.4015;10.4015;28-Oct-2011
114272;Reliance Fixed Horizon Fund - XVI - Series - 4 - Growth Option;;;10.7799;10.7799;10.7799;28-Oct-2011
114292;Reliance Fixed Horizon Fund - XVI - Series 5 - Dividend Payout Option;;;10.4069;10.4069;10.4069;28-Oct-2011
114291;Reliance Fixed Horizon Fund - XVI - Series 5 - Growth Option;;;10.7800;10.7800;10.7800;28-Oct-2011
114319;Reliance Fixed Horizon Fund - XVI - Series 6 - Dividend Payout Option;;;10.4121;10.4121;10.4121;28-Oct-2011
114318;Reliance Fixed Horizon Fund - XVI - Series 6 - Growth Option;;;10.7903;10.7903;10.7903;28-Oct-2011
113323;Reliance Fixed Horizon Fund - XVI - Series 7 - Dividend Payout Option;INF204K01IX3;;10.4127;10.4127;10.4127;28-Oct-2011
113322;Reliance Fixed Horizon Fund - XVI - Series 7 - Growth Option;INF204K01IW5;;10.8716;10.8716;10.8716;28-Oct-2011
113423;Reliance Fixed Horizon Fund - XVI - Series 8 - Dividend Payout Option;INF204K01JI2;;10.0712;10.0712;10.0712;28-Oct-2011
113422;Reliance Fixed Horizon Fund - XVI - Series 8 - Growth Option;INF204K01JH4;;10.8307;10.8307;10.8307;28-Oct-2011
114326;Reliance Fixed Horizon Fund - XVII - Series 1 - Dividend Payout Option;;;10.4162;10.4162;10.4162;28-Oct-2011
114327;Reliance Fixed Horizon Fund - XVII - Series 1 - Growth Option;;;10.7876;10.7876;10.7876;28-Oct-2011
114440;Reliance Fixed Horizon Fund - XVII - Series 13 - Dividend Payout Option;INF204K01KE9;;10.4235;10.4235;10.4235;28-Oct-2011
114441;Reliance Fixed Horizon Fund - XVII - Series 13 - Growth Option;INF204K01KD1;;10.6891;10.6891;10.6891;28-Oct-2011
114380;Reliance Fixed Horizon Fund - XVII - Series 2 - Dividend Payout Option;INF204K01JW3;;10.4236;10.4236;10.4236;28-Oct-2011
114381;Reliance Fixed Horizon Fund - XVII - Series 2 - Growth Option;INF204K01JV5;;10.7459;10.7459;10.7459;28-Oct-2011
114408;Reliance Fixed Horizon Fund - XVII - Series 3 - Dividend Payout Option;INF204K01JY9;;10.3908;10.3908;10.3908;28-Oct-2011
114409;Reliance Fixed Horizon Fund - XVII - Series 3 - Growth Option;INF204K01JX1;;10.6831;10.6831;10.6831;28-Oct-2011
114410;Reliance Fixed Horizon Fund - XVII - Series 4 - Dividend Payout Option;INF204K01KA7;;10.0774;10.0774;10.0774;28-Oct-2011
114411;Reliance Fixed Horizon Fund - XVII - Series 4 - Growth Option;INF204K01JZ6;;10.7425;10.7425;10.7425;28-Oct-2011
114436;Reliance Fixed Horizon Fund - XVII - Series 5 - Dividend Payout Option;INF204K01KK6;;10.4154;10.4154;10.4154;28-Oct-2011
114437;Reliance Fixed Horizon Fund - XVII - Series 5 - Growth Option;INF204K01KJ8;;10.7217;10.7217;10.7217;28-Oct-2011
114438;Reliance Fixed Horizon Fund - XVII - Series 6 - Dividend Payout Option;INF204K01KC3;;10.0978;10.0978;10.0978;28-Oct-2011
114439;Reliance Fixed Horizon Fund - XVII - Series 6 - Growth Option;INF204K01KB5;;10.7146;10.7146;10.7146;28-Oct-2011
114496;Reliance Fixed Horizon Fund - XVII - Series 7 - Dividend Payout Option;INF204K01KM2;;10.4175;10.4175;10.4175;28-Oct-2011
114497;Reliance Fixed Horizon Fund - XVII - Series 7 - Growth Option;INF204K01KL4;;10.6881;10.6881;10.6881;28-Oct-2011
115259;Reliance Fixed Horizon Fund - XVIII - Series 12 - Dividend payout Option;;;10.4177;10.4177;10.4177;28-Oct-2011
115258;Reliance Fixed Horizon Fund - XVIII - Series 12 - Growth Option;;;10.4177;10.4177;10.4177;28-Oct-2011
115690;Reliance Fixed Horizon Fund - XX - Series 11 - Dividend Payout Option;INF204K01NT1;;10.1398;10.1398;10.1398;28-Oct-2011
115691;Reliance Fixed Horizon Fund - XX - Series 11 - Growth Option;INF204K01NS3;;10.1398;10.1398;10.1398;28-Oct-2011
115798;Reliance Fixed Horizon Fund - XX - Series 12 - Dividend Option;INF204K01OF8;;10.0833;10.0833;10.0833;28-Oct-2011
115797;Reliance Fixed Horizon Fund - XX - Series 12 - Growth Option;INF204K01OE1;;10.0833;10.0833;10.0833;28-Oct-2011
115800;Reliance Fixed Horizon Fund - XX - Series 13 - Dividend Payout Option;INF204K01OD3;;10.0910;10.0910;10.0910;28-Oct-2011
115799;Reliance Fixed Horizon Fund - XX - Series 13 - Growth Option;INF204K01OC5;;10.0910;10.0910;10.0910;28-Oct-2011
115909;Reliance Fixed Horizon Fund - XX - Series 14 - Dividend Payout Option;INF204K01OY9;;10.0228;10.0228;10.0228;28-Oct-2011
115908;Reliance Fixed Horizon Fund - XX - Series 14 - Growth Option;INF204K01OX1;;10.0228;10.0228;10.0228;28-Oct-2011
115907;Reliance Fixed Horizon Fund - XX - Series 15 - Dividend Payout Option;INF204K01OS1;;10.0444;10.0444;10.0444;28-Oct-2011
115906;Reliance Fixed Horizon Fund - XX - Series 15 - Growth Option;INF204K01OR3;;10.0444;10.0444;10.0444;28-Oct-2011
115326;Reliance Fixed Horizon Fund - XX - Series 19 - Dividend payout Option;INF204K01MV9;;10.3780;10.3780;10.3780;28-Oct-2011
115327;Reliance Fixed Horizon Fund - XX - Series 19 - Growth Option;INF204K01MU1;;10.3780;10.3780;10.3780;28-Oct-2011
115380;Reliance Fixed Horizon Fund - XX - Series 2 - Dividend Payout Option;;;10.3271;10.3271;10.3271;28-Oct-2011
115379;Reliance Fixed Horizon Fund - XX - Series 2 - Growth Option;;;10.3271;10.3271;10.3271;28-Oct-2011
115381;Reliance Fixed Horizon Fund - XX - Series 20 - Dividend Payout Option;INF204K01ND5;;10.3245;10.3245;10.3245;28-Oct-2011
115382;Reliance Fixed Horizon Fund - XX - Series 20 - Growth Option;INF204K01NC7;;10.3245;10.3245;10.3245;28-Oct-2011
115374;Reliance Fixed Horizon Fund - XX - Series 21 - Dividend Payout Option;INF204K01NF0;;10.3283;10.3283;10.3283;28-Oct-2011
115373;Reliance Fixed Horizon Fund - XX - Series 21 - Growth Option;INF204K01NE3;;10.3283;10.3283;10.3283;28-Oct-2011
115504;Reliance Fixed Horizon Fund - XX - Series 22 - Dividend Payout Option;INF204K01NJ2;;10.2950;10.2950;10.2950;28-Oct-2011
115503;Reliance Fixed Horizon Fund - XX - Series 22 - Growth Option;INF204K01NI4;;10.2950;10.2950;10.2950;28-Oct-2011
115567;Reliance Fixed Horizon Fund - XX - Series 23 - Dividend Payout Option;INF204K01NN4;;10.2082;10.2082;10.2082;28-Oct-2011
115566;Reliance Fixed Horizon Fund - XX - Series 23 - Growth Option;INF204K01NM6;;10.2082;10.2082;10.2082;28-Oct-2011
115647;Reliance Fixed Horizon Fund - XX - Series 24 - Dividend Payout Option;INF204K01NR5;;10.1841;10.1841;10.1841;28-Oct-2011
115648;Reliance Fixed Horizon Fund - XX - Series 24 - Growth Option;INF204K01NQ7;;10.1841;10.1841;10.1841;28-Oct-2011
115762;Reliance Fixed Horizon Fund - XX - Series 31 - Dividend Payout Option;INF204K01OB7;;10.0850;10.0850;10.0850;28-Oct-2011
115761;Reliance Fixed Horizon Fund - XX - Series 31 - Growth Option;INF204K01OA9;;10.0850;10.0850;10.0850;28-Oct-2011
115896;Reliance Fixed Horizon Fund - XX - Series 32 - Dividend Payout Option;INF204K01OW3;;10.0401;10.0401;10.0401;28-Oct-2011
115895;Reliance Fixed Horizon Fund - XX - Series 32-Growth Option;INF204K01OV5;;10.0401;10.0401;10.0401;28-Oct-2011
115688;Reliance Fixed Horizon Fund - XX - Series 4 - Dividend Payout Option;INF204K01NV7;;10.1531;10.1531;10.1531;28-Oct-2011
115689;Reliance Fixed Horizon Fund - XX - Series 4 - Growth Option;INF204K01NU9;;10.1531;10.1531;10.1531;28-Oct-2011
115795;Reliance Fixed Horizon Fund - XX - Series 5 - Dividend Payout Option;INF204K01OH4;;10.0927;10.0927;10.0927;28-Oct-2011
115796;Reliance Fixed Horizon Fund - XX - Series 5 - Growth Option;INF204K01OG6;;10.0927;10.0927;10.0927;28-Oct-2011
115869;Reliance Fixed Horizon Fund - XX - Series 7 - Dividend Payout Option;;;10.0769;10.0769;10.0769;28-Oct-2011
115868;Reliance Fixed Horizon Fund - XX - Series 7 - Growth Option;;;10.0769;10.0769;10.0769;28-Oct-2011
115911;Reliance Fixed Horizon Fund - XX - Series 8 - Dividend Payout Option;INF204K01OU7;;10.0359;10.0359;10.0359;28-Oct-2011
115910;Reliance Fixed Horizon Fund - XX - Series 8- Growth Option;INF204K01OT9;;10.0359;10.0359;10.0359;28-Oct-2011
115860;Reliance Fixed Horizon Fund - XX - Series 6 - Dividend Pay out Option;INF204K01OL6;;10.0728;10.0728;10.0728;28-Oct-2011
115859;Reliance Fixed Horizon Fund - XX- Series 6- Growth Option;INF204K01OK8;;10.0728;10.0728;10.0728;28-Oct-2011

PGIM India Mutual Fund
114908;Pramerica Fixed Duration Fund - Series 1 - Growth Option;INF663L01286;;1063.8355;1063.8355;1063.8355;28-Oct-2011

PineBridge Mutual Fund
109660;PineBridge Quarterly Interval Fund Series I- Standard Plan- Dividend Option;INF178L01244;;1013.6949;1013.6949;1013.6949;28-Oct-2011
109661;PineBridge Quarterly Interval Fund Series I- Standard Plan- Growth Option;INF178L01251;;1272.4635;1272.4635;1272.4635;28-Oct-2011
109817;PineBridge Quarterly Interval Fund II Institutional Plan-Dividend;INF178L01285;;1014.8570;1014.8570;1014.8570;28-Oct-2011
109816;PineBridge Quarterly Interval Fund II- Standard Plan- Dividend Option;INF178L01269;;1014.7863;1014.7863;1014.7863;28-Oct-2011
109818;PineBridge Quarterly Interval Fund II- Standard Plan- Growth;INF178L01277;;1203.9962;1203.9962;1203.9962;28-Oct-2011

Principal Mutual Fund
114414;Principal Pnb Fixed Maturity Plan - 367 Days - Series II - Dividend Option;INF173K01627;;10.7309;10.7309;10.7309;28-Oct-2011
114415;Principal Pnb Fixed Maturity Plan - 367 Days - Series II - Growth Option;INF173K01643;;10.7309;10.7309;10.7309;28-Oct-2011
114957;Principal Pnb Fixed Maturity Plan - Series 1 - Dividend Option;INF173K01734;;10.6003;10.6003;10.6003;28-Oct-2011
114958;Principal Pnb Fixed Maturity Plan - Series 1 - Growth Option;INF173K01759;;10.6003;10.6003;10.6003;28-Oct-2011
115709;Principal Pnb Fixed Maturity Plan - Series A1-Growth Option;;;10.1665;10.1665;10.1665;28-Oct-2011
115708;Principal Pnb Maturity Plan - Series A1-Dividend Option;;;10.1665;10.1665;10.1665;28-Oct-2011
115040;Principal Pnb Fixed Maturity Plan - Series 2 - Dividend Option;INF173K01767;;10.5605;10.5605;10.5605;28-Oct-2011
115041;Principal Pnb Fixed Maturity Plan - Series 2 - Growth Option;INF173K01783;;10.5605;10.5605;10.5605;28-Oct-2011

quant Mutual Fund
109070;Escorts Fixed Maturity Plan - Dividend Option;;;0;0;0;28-Oct-2011
109071;Escorts Fixed Maturity Plan - Growth Option;;;0;0;0;28-Oct-2011
109514;Escorts Fixed Maturity Plan - Institutional Dividend;;;0;0;0;28-Oct-2011
109515;Escorts Fixed Maturity Plan - Institutional Growth;;;0;0;0;28-Oct-2011
114875;Escorts Fixed Maturity Plan Series II - Dividend;INF966L01028;;10.6639;10.6639;10.6639;28-Oct-2011
114876;Escorts Fixed Maturity Plan Series II - Growth;INF966L01010;;10.6639;10.6639;10.6639;28-Oct-2011

SBI Mutual Fund
106864;SBI Capital Protection Oriented Fund - Series I Growth;INF200K01II2;;11.2710;N.A.;N.A.;28-Oct-2011
114781;SBI Capital Protection Oriented Fund - Series II -;INF200K01ED2;;10.368;N.A.;N.A.;28-Oct-2011
115824;SBI Capital Protection Oriented Fund - Series III - Growth;INF200K01IH4;;10.0345;N.A.;N.A.;28-Oct-2011
114554;SBI Debt Fund Series - 15 Months - 6 Dividend;INF200K01EA8;;10.6693;N.A.;N.A.;28-Oct-2011
114555;SBI Debt Fund Series - 15 Months - 6 Growth;INF200K01DZ7;;10.7204;N.A.;N.A.;28-Oct-2011
114442;SBI Debt Fund Series - 18 Months - 6 - Dividend Option;INF200K01CI5;;10.6847;N.A.;N.A.;28-Oct-2011
114443;SBI Debt Fund Series - 18 Months - 6 - Growth Option;INF200K01CH7;;10.6846;N.A.;N.A.;28-Oct-2011
115899;SBI DEBT FUND SERIES - 18 Months - 7 - DIVIDEND;INF200K01GX5;;10.0355;N.A.;N.A.;28-Oct-2011
115900;SBI DEBT FUND SERIES - 18 Months - 7 - GROWTH;INF200K01GW7;;10.0355;N.A.;N.A.;28-Oct-2011
113275;SBI Debt Fund Series - 24 Months - 2 - Dividend;INF200K01CK1;;10.7425;N.A.;N.A.;28-Oct-2011
113363;SBI Debt Fund Series - 24 Months - 2 - Growth;INF200K01CJ3;;10.7435;N.A.;N.A.;28-Oct-2011
115263;SBI SDFS - 36 MONTHS - 1 - DIVIDEND;INF200K01EC4;;10.4246;N.A.;N.A.;28-Oct-2011
115262;SBI SDFS - 36 MONTHS - 1 - GROWTH;INF200K01EB6;;10.4246;N.A.;N.A.;28-Oct-2011
115598;SBI DEBT FUND SERIES - 367 DAYS - 4 - DIVIDEND;INF200K01GF2;;10.2291;N.A.;N.A.;28-Oct-2011
115599;SBI DEBT FUND SERIES - 367 DAYS 4 - GROWTH;INF200K01GE5;;10.2291;N.A.;N.A.;28-Oct-2011
115075;SBI Debt Fund Series - 370 Days 13 - Dividend Payout;INF200K01EJ9;;10.502;N.A.;N.A.;28-Oct-2011
115076;SBI Debt Fund Series - 370 Days 13 - Growth;INF200K01EI1;;10.5023;N.A.;N.A.;28-Oct-2011
115012;SBI DEBT FUND SERIES - 370 DAYS 11 - GROWTH;INF200K01EE0;;10.5978;N.A.;N.A.;28-Oct-2011
115013;SBI DEBT FUND SERIES - 370 DAYS 11- DIVIDEND;INF200K01EF7;;10.5975;N.A.;N.A.;28-Oct-2011
115048;SBI Debt Fund Series - 370 Days 12 - Dividend Payout;INF200K01EH3;;10.5168;N.A.;N.A.;28-Oct-2011
115047;SBI Debt Fund Series - 370 Days 12 - Growth;INF200K01EG5;;10.5168;N.A.;N.A.;28-Oct-2011
115260;SBI DEBT FUND SERIES - 370 DAYS - 15 - DIVIDEND;INF200K01EN1;;10.4289;N.A.;N.A.;28-Oct-2011
115261;SBI DEBT FUND SERIES - 370 DAYS - 15 - GROWTH;INF200K01EM3;;10.429;N.A.;N.A.;28-Oct-2011
113321;SBI Debt Fund Series - 60 Months - 1 - Dividend;INF200K01CQ8;;10.5295;N.A.;N.A.;28-Oct-2011
113401;SBI Debt Fund Series - 60 Months - 1 - Growth;INF200K01CP0;;10.5294;N.A.;N.A.;28-Oct-2011
115629;SBI DEBT FUND SERIES - 90 DAYS - 48 - DIVIDEND;;;10.2163;N.A.;N.A.;28-Oct-2011
115630;SBI DEBT FUND SERIES - 90 DAYS 48 - GROWTH;;;10.2163;N.A.;N.A.;28-Oct-2011
115879;SBI DEBT FUND SERIES - 90 DAYS - 49 - DIVIDEND;;;10.0793;N.A.;N.A.;28-Oct-2011
115880;SBI DEBT FUND SERIES - 90 DAYS 49 - GROWTH;;;10.0793;N.A.;N.A.;28-Oct-2011
115919;SBI DEBT FUND SERIES - 90 DAYS - 50 - DIVIDEND;INF200K01FB3;;10.0453;N.A.;N.A.;28-Oct-2011
115920;SBI DEBT FUND SERIES - 90 DAYS 50 - GROWTH;INF200K01FA5;;10.0453;N.A.;N.A.;28-Oct-2011
115467;SBI SDFS 180 DAYS - 20 - DIVIDEND PAYOUT;;;10.3226;N.A.;N.A.;28-Oct-2011
115468;SBI SDFS 180 DAYS - 20 - GROWTH;;;10.3227;N.A.;N.A.;28-Oct-2011
115679;SBI SDFS 180 DAYS - 21 - DIVIDEND PAYOUT;INF200K01FR9;;10.1436;N.A.;N.A.;28-Oct-2011
115678;SBI SDFS 180 DAYS - 21 - GROWTH;INF200K01FQ1;;10.1813;N.A.;N.A.;28-Oct-2011
115187;SBI SDFS 180 DAYS 18 - DIVIDEND PAYOUT;;;10.2047;N.A.;N.A.;28-Oct-2011
115188;SBI SDFS 180 DAYS 18 - GROWTH;;;10.4441;N.A.;N.A.;28-Oct-2011
115343;SBI SDFS 180 DAYS 19 - DIVIDEND PAYOUT;;;10.3843;N.A.;N.A.;28-Oct-2011
115344;SBI SDFS 180 DAYS 19 - GROWTH;;;10.3844;N.A.;N.A.;28-Oct-2011
115347;SBI SDFS 367 DAYS - 1 - DIVIDEND PAYOUT;INF200K01FZ2;;10.3832;N.A.;N.A.;28-Oct-2011
115348;SBI SDFS 367 DAYS - 1 - GROWTH;INF200K01FY5;;10.3832;N.A.;N.A.;28-Oct-2011
115449;SBI SDFS 367 DAYS - 2 - DIVIDEND PAYOUT;INF200K01GB1;;10.3357;N.A.;N.A.;28-Oct-2011
115450;SBI SDFS 367 DAYS - 2 - GROWTH;INF200K01GA3;;10.3358;N.A.;N.A.;28-Oct-2011
115558;SBI SDFS 367 DAYS - 3 - DIVIDEND PAYOUT;INF200K01GD7;;10.2736;N.A.;N.A.;28-Oct-2011
115559;SBI SDFS 367 DAYS - 3 - GROWTH;INF200K01GC9;;10.2736;N.A.;N.A.;28-Oct-2011
115640;SBI DEBT FUND SERIES 367 DAYS - 5 - DIVIDEND;INF200K01GH8;;10.1852;N.A.;N.A.;28-Oct-2011
115639;SBI DEBT FUND SERIES 367 DAYS 5 - GROWTH;INF200K01GG0;;10.1852;N.A.;N.A.;28-Oct-2011
115855;SBI DEBT FUND SERIES 367 DAYS - 6 - DIVIDEND;INF200K01GJ4;;10.0979;N.A.;N.A.;28-Oct-2011
115856;SBI DEBT FUND SERIES 367 DAYS 6 - GROWTH;INF200K01GI6;;10.0984;N.A.;N.A.;28-Oct-2011
115958;SBI DEBT FUND SERIES 367 DAYS - 7 - DIVIDEND;INF200K01GL0;;10.0414;N.A.;N.A.;28-Oct-2011
115959;SBI DEBT FUND SERIES 367 DAYS 7 - GROWTH;INF200K01GK2;;10.0414;N.A.;N.A.;28-Oct-2011
114723;SBI DEBT FUND SERIES 370 DAYS 10 - GROWTH;INF200K01DV6;;10.6663;N.A.;N.A.;28-Oct-2011
114722;SBI DEBT FUND SERIES 370 DAYS 10- Dividend;INF200K01DW4;;10.6663;N.A.;N.A.;28-Oct-2011
114839;REDEEMED-SBI Debt Fund Series - 13 Months 11 - Dividend Payout;INF200K01DY0;;10.6077;N.A.;N.A.;28-Oct-2011
114838;REDEEMED-SBI Debt Fund Series 13 Months 11 - Growth;INF200K01DX2;;10.6079;N.A.;N.A.;28-Oct-2011
114343;Z-REDEEMED-SBI Debt Fund Series - 18 Months - 4 - Dividend Option;INF200K01CE4;;10.6865;N.A.;N.A.;28-Oct-2011
114303;Z-REDEEMED-SBI Debt Fund Series - 18 Months - 4 - Growth Option;INF200K01CD6;;10.7374;N.A.;N.A.;28-Oct-2011
114388;Z-REDEEMED-SBI Debt Fund Series - 18 Months - 5 - Dividend Option;INF200K01CG9;;10.6953;N.A.;N.A.;28-Oct-2011
114389;Z-REDEEMED-SBI Debt Fund Series - 18 Months - 5 - Growth Option;INF200K01CF1;;10.6951;N.A.;N.A.;28-Oct-2011
115978;Z-REDEEMED-SBI DEBT FUND SERIES - 180 DAYS - 22 - DIVIDEND;INF200K01FS7;;10.0334;N.A.;N.A.;28-Oct-2011
115979;Z-REDEEMED-SBI DEBT FUND SERIES - 180 DAYS - 22 - GROWTH;INF200K01FT5;;10.0334;N.A.;N.A.;28-Oct-2011
115152;Z-REDEEMED-SBI Debt Fund Series - 370 days - 14 - Dividend Payout;INF200K01EL5;;10.4605;N.A.;N.A.;28-Oct-2011
115151;Z-REDEEMED-SBI Debt Fund Series - 370 Days - 14 - Growth;INF200K01EK7;;10.4604;N.A.;N.A.;28-Oct-2011
113411;Z-REDEEMED-SBI Debt Fund Series - 370 Days - 7 - Dividend;;;10.7548;N.A.;N.A.;28-Oct-2011
114250;Z-REDEEMED-SBI Debt Fund Series - 370 Days - 7 - Growth;;;10.8077;N.A.;N.A.;28-Oct-2011
114194;Z-REDEEMED-SBI Debt Fund Series - 370 Days - 8 - Dividend;;;10.7255;N.A.;N.A.;28-Oct-2011
114311;Z-REDEEMED-SBI Debt Fund Series - 370 Days - 8 - Growth;;;10.7785;N.A.;N.A.;28-Oct-2011
114620;Z-REDEEMED-SBI Debt Fund Series - 370 Days - 9 - Dividend;INF200K01DU8;;10.7014;N.A.;N.A.;28-Oct-2011
114619;Z-REDEEMED-SBI Debt Fund Series - 370 Days - 9 - Growth;INF200K01DT0;;10.7001;N.A.;N.A.;28-Oct-2011

Sundaram Mutual Fund
106461;SUNDARAM CAPITAL PROTECTION FUND  SERIES 1-5 YEARS;;;12.4013;12.4013;0.0000;28-Oct-2011
115407;Sundaram Capital Protection Oriented Fund 2 Years (Series 1) - Dividend Payout Option;INF903J01CU1;;10.2805;10.2805;0.0000;28-Oct-2011
115408;Sundaram Capital Protection Oriented Fund 2 Years (Series 1) - Growth Option;INF903J01CT3;;10.2811;10.2811;0.0000;28-Oct-2011
115623;Sundaram Capital Protection Oriented Fund 2 Years (Series 2) - Dividend Payout Option;INF903J01CY3;;10.2016;10.2016;0.0000;28-Oct-2011
115624;Sundaram Capital Protection Oriented Fund 2 Years (Series 2) - Growth Option;INF903J01CX5;;10.2016;10.2016;0.0000;28-Oct-2011
115720;Sundaram Capital Protection Oriented Fund 2 Years (Series 3) - Dividend Payout Option;INF903J01DG8;;10.1420;10.1420;10.1420;28-Oct-2011
115721;Sundaram Capital Protection Oriented Fund 2 Years (Series 3) - Growth Option;INF903J01DF0;;10.1420;10.1420;10.1420;28-Oct-2011
115158;Sundaram Capital Protection Oriented Fund 3 Years (Series 3) - Dividend Payout Option;INF903J01BR9;;10.2486;10.2486;0.0000;28-Oct-2011
115159;Sundaram Capital Protection Oriented Fund 3 Years (Series 3) - Growth Option;INF903J01BQ1;;10.2464;10.2464;0.0000;28-Oct-2011
115625;Sundaram Capital Protection Oriented Fund 3 Years (Series 4) - Dividend Payout Option;INF903J01DE3;;10.1869;10.1869;0.0000;28-Oct-2011
115626;Sundaram Capital Protection Oriented Fund 3 Years (Series 4) - Growth Option;INF903J01DD5;;10.1867;10.1867;0.0000;28-Oct-2011
115723;Sundaram Capital Protection Oriented Fund 3 Years (Series 5) - Dividend Payout Option;INF903J01DO2;;10.1115;10.1115;10.1115;28-Oct-2011
115722;Sundaram Capital Protection Oriented Fund 3 Years (Series 5) - Growth Option;INF903J01DN4;;10.1116;10.1116;10.1116;28-Oct-2011
116010;Sundaram Capital Protection Oriented Fund 3 Years (Series 6) - Dividend Payout Option;INF903J01DS3;;10.0419;10.0419;10.0419;28-Oct-2011
116011;Sundaram Capital Protection Oriented Fund 3 Years (Series 6) - Growth Option;INF903J01DR5;;10.0417;10.0417;10.0417;28-Oct-2011
114300;Sundaram Capital Protection Oriented Fund Series 2-3 years;INF903J01AB5;;10.3663;10.3663;0.0000;28-Oct-2011
115014;Sundaram Capital Protection Oriented Fund Series 2-5 years - Dividend Payout Option;INF903J01BD9;;10.0864;10.0864;0.0000;28-Oct-2011
115015;Sundaram Capital Protection Oriented Fund Series 2-5 years - Growth Option;INF903J01BC1;;10.0864;10.0864;0.0000;28-Oct-2011
107002;SUNDARAM FIXED INCOME INTERVAL FUND QTRLY PLAN C INST  DIVIDEND;INF903J01CD7;;10.2011;10.2011;0.0000;28-Oct-2011
107001;SUNDARAM FIXED INCOME INTERVAL FUND QTRLY PLAN C INST  GROWTH;INF903J01CC9;;12.9446;12.9446;0.0000;28-Oct-2011
107000;SUNDARAM FIXED INCOME INTERVAL FUND QTRLY PLAN C REG DIVIDEND;INF903J01CB1;;10.2011;10.2011;0.0000;28-Oct-2011
106999;SUNDARAM FIXED INCOME INTERVAL FUND QTRLY PLAN C REG GROWTH;INF903J01CA3;;12.9409;12.9409;0.0000;28-Oct-2011
109962;SUNDARAM FIXED INCOME INTERVAL FUND QTRLY PLAN E INST   DIVIDEND;INF903J01CH8;;10.1634;10.1634;0.0000;28-Oct-2011
109961;SUNDARAM FIXED INCOME INTERVAL FUND QTRLY PLAN E INST   GROWTH;INF903J01CG0;;0.0000;0.0000;0.0000;28-Oct-2011
109964;SUNDARAM FIXED INCOME INTERVAL FUND QTRLY PLAN E REG  GROWTH;INF903J01CE5;;12.2684;12.2684;0.0000;28-Oct-2011
109963;SUNDARAM FIXED INCOME INTERVAL FUND QTRLY PLAN E REG DIVIDEND;INF903J01CF2;;10.1635;10.1635;0.0000;28-Oct-2011
115303;Sundaram Fixed Term Plan - AT - Dividend Payout;INF903J01CO4;;10.4487;10.4487;0.0000;28-Oct-2011
115304;Sundaram Fixed Term Plan AT - Growth;INF903J01CN6;;10.4487;10.4487;0.0000;28-Oct-2011
114667;Sundaram Fixed Term Plan -AD- Dividend Payout Option;INF903J01BB3;;10.6736;10.6736;10.6736;28-Oct-2011
114668;Sundaram Fixed Term Plan -AD- Growth Option;INF903J01BA5;;10.6736;10.6736;10.6736;28-Oct-2011
114672;Sundaram Fixed Term Plan -AE- Dividend Payout Option;INF903J01AV3;;10.6377;10.6377;10.6377;28-Oct-2011
114671;Sundaram Fixed Term Plan -AE- Growth Option;INF903J01AU5;;10.6377;10.6377;10.6377;28-Oct-2011
114663;Sundaram Fixed Term Plan -AF- Dividend Payout Option;INF903J01AT7;;10.7536;10.7536;0.0000;28-Oct-2011
114664;Sundaram Fixed Term Plan -AF- Growth Option;INF903J01AS9;;10.7536;10.7536;0.0000;28-Oct-2011
114665;Sundaram Fixed Term Plan -AG- Dividend Payout Option;INF903J01AY7;;10.6643;10.6643;10.6643;28-Oct-2011
114666;Sundaram Fixed Term Plan -AG- Growth Option;INF903J01AZ4;;10.6644;10.6644;10.6644;28-Oct-2011
114418;Sundaram Fixed Term Plan -AH- Dividend Payout Option;INF903J01AF6;;10.7432;10.7432;0.0000;28-Oct-2011
114419;Sundaram Fixed Term Plan -AH- Growth Option;INF903J01AE9;;10.7432;10.7432;0.0000;28-Oct-2011
114424;Sundaram Fixed Term Plan -AI- Dividend Payout Option;INF903J01AH2;;10.6974;10.6974;0.0000;28-Oct-2011
114425;Sundaram Fixed Term Plan -AI- Growth Option;INF903J01AG4;;10.6974;10.6974;0.0000;28-Oct-2011
114420;Sundaram Fixed Term Plan -AJ- Dividend Payout Option;INF903J01AJ8;;10.6567;10.6567;0.0000;28-Oct-2011
114421;Sundaram Fixed Term Plan -AJ- Growth Option;INF903J01AI0;;10.6567;10.6567;0.0000;28-Oct-2011
114669;Sundaram Fixed Term Plan -AK- Dividend Payout Option;INF903J01AX9;;10.6095;10.6095;10.6095;28-Oct-2011
114670;Sundaram Fixed Term Plan -AK- Growth Option;INF903J01AW1;;10.6095;10.6095;10.6095;28-Oct-2011
114422;Sundaram Fixed Term Plan -AL- Dividend Payout Option;INF903J01AL4;;10.6510;10.6510;0.0000;28-Oct-2011
114423;Sundaram Fixed Term Plan -AL- Growth Option;INF903J01AK6;;10.6510;10.6510;0.0000;28-Oct-2011
114426;Sundaram Fixed Term Plan -AM- Dividend Payout Option;INF903J01AN0;;10.6685;10.6685;0.0000;28-Oct-2011
114427;Sundaram Fixed Term Plan -AM- Growth Option;INF903J01AM2;;10.6685;10.6685;0.0000;28-Oct-2011
113367;Sundaram Fixed Term Plan -AO- Dividend Payout Option;INF903J01942;;0.0000;0.0000;0.0000;28-Oct-2011
113366;Sundaram Fixed Term Plan -AO- Growth Option;INF903J01934;;0.0000;0.0000;0.0000;28-Oct-2011
114191;Sundaram Fixed Term Plan -AP- Dividend Payout Option;INF903J01967;;10.4547;10.4547;0.0000;28-Oct-2011
114192;Sundaram Fixed Term Plan -AP- Growth Option;INF903J01959;;10.8179;10.8179;0.0000;28-Oct-2011
114276;Sundaram Fixed Term Plan -AQ- Dividend Payout Option;INF903J01AA7;;10.7761;10.7761;0.0000;28-Oct-2011
114277;Sundaram Fixed Term Plan -AQ- Growth Option;INF903J01991;;10.7761;10.7761;0.0000;28-Oct-2011
114279;Sundaram Fixed Term Plan -AR- Dividend Payout Option;INF903J01983;;10.7713;10.7713;0.0000;28-Oct-2011
114278;Sundaram Fixed Term Plan -AR- Growth Option;INF903J01975;;10.7713;10.7713;0.0000;28-Oct-2011
114342;Sundaram Fixed Term Plan -AS- Dividend Payout Option;INF903J01AD1;;10.1519;10.1519;0.0000;28-Oct-2011
114341;Sundaram Fixed Term Plan -AS- Growth Option;INF903J01AC3;;10.7657;10.7657;0.0000;28-Oct-2011
115240;Sundaram Fixed Term Plan -AU- Dividend Payout Option;INF903J01CQ9;;10.4242;10.4242;0.0000;28-Oct-2011
115239;Sundaram Fixed Term Plan -AU- Growth Option;INF903J01CP1;;10.4244;10.4244;0.0000;28-Oct-2011
114598;Sundaram Fixed Term Plan -AV- Dividend Payout Option;INF903J01AP5;;10.7232;10.7232;0.0000;28-Oct-2011
114599;Sundaram Fixed Term Plan -AV- Growth Option;INF903J01AO8;;10.7232;10.7232;0.0000;28-Oct-2011
114661;Sundaram Fixed Term Plan -AW- Dividend Payout Option;INF903J01AR1;;10.6946;10.6946;0.0000;28-Oct-2011
114662;Sundaram Fixed Term Plan -AW- Growth Option;INF903J01AQ3;;10.6946;10.6946;0.0000;28-Oct-2011
114674;Sundaram Fixed Term Plan -AX- Dividend Payout Option;INF903J01BF4;;10.6767;10.6767;10.6767;28-Oct-2011
114673;Sundaram Fixed Term Plan -AX- Growth Option;INF903J01BE7;;10.6767;10.6767;10.6767;28-Oct-2011
115083;Sundaram Fixed Term Plan -AY- Dividend Payout Option;INF903J01BH0;;10.5643;10.5643;0.0000;28-Oct-2011
115082;Sundaram Fixed Term Plan -AY- Growth Option;INF903J01BG2;;10.5643;10.5643;0.0000;28-Oct-2011
115086;Sundaram Fixed Term Plan -AZ- Dividend Payout Option;INF903J01BL2;;10.5589;10.5589;0.0000;28-Oct-2011
115087;Sundaram Fixed Term Plan -AZ- Growth Option;INF903J01BK4;;10.5589;10.5589;0.0000;28-Oct-2011
115088;Sundaram Fixed Term Plan -BA- Dividend Payout Option;INF903J01BJ6;;10.5776;10.5776;0.0000;28-Oct-2011
115089;Sundaram Fixed Term Plan -BA- Growth Option;INF903J01BI8;;10.5776;10.5776;0.0000;28-Oct-2011
115235;Sundaram Fixed Term Plan -BB- Dividend Payout Option;INF903J01CJ4;;10.4423;10.4423;0.0000;28-Oct-2011
115236;Sundaram Fixed Term Plan -BB- Growth Option;INF903J01CI6;;10.4423;10.4423;0.0000;28-Oct-2011
115403;Sundaram Fixed Term Plan -BC- Dividend Payout Option;INF903J01CS5;;10.3341;10.3341;0.0000;28-Oct-2011
115404;Sundaram Fixed Term Plan -BC- Growth Option;INF903J01CR7;;10.3341;10.3341;0.0000;28-Oct-2011
115405;Sundaram Fixed Term Plan -BD- Dividend Payout Option;INF903J01CW7;;10.2927;10.2927;0.0000;28-Oct-2011
115406;Sundaram Fixed Term Plan -BD- Growth Option;INF903J01CV9;;10.2927;10.2927;0.0000;28-Oct-2011
115621;Sundaram Fixed Term Plan -BE- Dividend Payout Option;INF903J01DA1;;10.2761;10.2761;0.0000;28-Oct-2011
115622;Sundaram Fixed Term Plan -BE- Growth Option;INF903J01CZ0;;10.2761;10.2761;0.0000;28-Oct-2011
115715;Sundaram Fixed Term Plan -BF- Dividend Payout Option;INF903J01DK0;;10.1535;10.1535;0.0000;28-Oct-2011
115714;Sundaram Fixed Term Plan -BF- Growth Option;INF903J01DJ2;;10.1535;10.1535;0.0000;28-Oct-2011
115716;Sundaram Fixed Term Plan -BG- Dividend Payout Option;INF903J01DM6;;10.1805;10.1805;0.0000;28-Oct-2011
115717;Sundaram Fixed Term Plan -BG- Growth Option;INF903J01DL8;;10.1805;10.1805;0.0000;28-Oct-2011
115718;Sundaram Fixed Term Plan -BH- Dividend Payout Option;INF903J01DQ7;;10.1462;10.1462;10.1462;28-Oct-2011
115719;Sundaram Fixed Term Plan -BH- Growth Option;INF903J01DP9;;10.1462;10.1462;10.1462;28-Oct-2011
115619;Sundaram Fixed Term Plan -BI- Dividend Payout Option;INF903J01DC7;;10.2380;10.2380;0.0000;28-Oct-2011
115620;Sundaram Fixed Term Plan -BI- Growth Option;INF903J01DB9;;10.2380;10.2380;0.0000;28-Oct-2011
115712;Sundaram Fixed Term Plan -BJ- Dividend Payout Option;INF903J01DI4;;10.1832;10.1832;0.0000;28-Oct-2011
115713;Sundaram Fixed Term Plan -BJ- Growth Option;INF903J01DH6;;10.1832;10.1832;0.0000;28-Oct-2011
115987;Sundaram Fixed Term Plan -BK- Dividend Payout Option;INF903J01IV6;;10.0432;10.0432;10.0432;28-Oct-2011
115988;Sundaram Fixed Term Plan -BK- Growth Option;INF903J01IU8;;10.0432;10.0432;10.0432;28-Oct-2011
115989;Sundaram Fixed Term Plan -BQ- Dividend Payout Option;INF903J01IT0;;10.0501;10.0501;10.0501;28-Oct-2011
115990;Sundaram Fixed Term Plan -BQ- Growth Option;INF903J01IS2;;10.0501;10.0501;10.0501;28-Oct-2011
116006;Sundaram Fixed Term Plan -BR- Dividend Payout Option;INF903J01JD2;;10.0284;10.0284;10.0284;28-Oct-2011
116007;Sundaram Fixed Term Plan -BR- Growth Option;INF903J01JC4;;10.0283;10.0283;10.0283;28-Oct-2011
113292;Sundaram Fixed Term Plan-AN-Dividend Payout Option;INF903J01926;;0.0000;0.0000;0.0000;28-Oct-2011
113293;Sundaram Fixed Term Plan-AN-Growth Option;INF903J01918;;0.0000;0.0000;0.0000;28-Oct-2011
112303;Sundaram FTP - R - Dividend;;;0.0000;0.0000;0.0000;28-Oct-2011
112302;Sundaram FTP - R - Growth;;;0.0000;0.0000;0.0000;28-Oct-2011
112393;Sundaram FTP - Y - Dividend Option;;;0.0000;0.0000;0.0000;28-Oct-2011
112394;Sundaram FTP - Y - Growth Option;;;0.0000;0.0000;0.0000;28-Oct-2011
112704;Sundaram FTP - Z - Dividend Option;;;0.0000;0.0000;0.0000;28-Oct-2011
112705;Sundaram FTP - Z - Growth Option;;;0.0000;0.0000;0.0000;28-Oct-2011
109545;SUNDARAM INTERVAL FUND QUARTERLY SERIES PLAN  D INST  DIVIDEND;INF903J01BP3;;10.0431;10.0431;0.0000;28-Oct-2011
109542;SUNDARAM INTERVAL FUND QUARTERLY SERIES PLAN  D INST  GROWTH;INF903J01BO6;;0.0000;0.0000;0.0000;28-Oct-2011
109543;SUNDARAM INTERVAL FUND QUARTERLY SERIES PLAN  D REG DIVIDEND;INF903J01BN8;;10.0430;10.0430;0.0000;28-Oct-2011
109544;SUNDARAM INTERVAL FUND QUARTERLY SERIES PLAN  D REG GROWTH;INF903J01BM0;;13.1245;13.1245;0.0000;28-Oct-2011

Tata Mutual Fund
113451;Tata Fixed Maturity Fund Series 29 Scheme A Growth;INF277K01BC8;;10.8361;0.0000;0.0000;28-Oct-2011
113452;Tata Fixed Maturity Fund Series 29 Scheme A Periodic Dividend;INF277K01BD6;;10.0736;0.0000;0.0000;28-Oct-2011
114332;Tata Fixed Maturity Plan Series 29 Scheme B Growth;INF277K01BH7;;10.7899;0.0000;0.0000;28-Oct-2011
114333;Tata Fixed Maturity Plan Series 29 Scheme B Periodic Dividend;INF277K01BI5;;10.4150;0.0000;0.0000;28-Oct-2011
114386;Tata Fixed Maturity Plan  Series 29 Scheme C Growth;INF277K01BK1;;10.7732;0.0000;0.0000;28-Oct-2011
114387;Tata Fixed Maturity Plan  Series 29 Scheme C Periodic Dividend;INF277K01BL9;;10.4135;0.0000;0.0000;28-Oct-2011
114651;TFMP 31 Scheme A Growth Option;INF277K01BW6;;10.6650;0.0000;0.0000;28-Oct-2011
114652;TFMP 31 Scheme A Periodic Dividend ( Payout);INF277K01BX4;;10.4177;0.0000;0.0000;28-Oct-2011
114492;Tata Fixed Maturity Plan Series 30 Scheme A- Growth;INF277K01BM7;;10.7315;0.0000;0.0000;28-Oct-2011
114493;Tata Fixed Maturity Plan Series 30 Scheme A- Periodic Dividend;INF277K01BN5;;10.2617;0.0000;0.0000;28-Oct-2011
115052;TFMP Series 30 Scheme C- Growth Option;INF277K01BU0;;10.5045;0.0000;0.0000;28-Oct-2011
115051;TFMP Series 30 Scheme C- Periodic Dividend Payout Option;INF277K01BV8;;10.4270;0.0000;0.0000;28-Oct-2011
114933;TFMP Series 31 Scheme C- Growth Option;INF277K01CA0;;10.6092;0.0000;0.0000;28-Oct-2011
114932;TFMP Series 31 Scheme C- Periodic Dividend Payout Option;INF277K01CB8;;10.4374;0.0000;0.0000;28-Oct-2011
114768;TFMP 31 Scheme B - periodic Dividend (Payout) option;INF277K01CD4;;10.4366;0.0000;0.0000;28-Oct-2011
114767;TFMP 31 Scheme B -Growth Option;INF277K01CC6;;10.6486;0.0000;0.0000;28-Oct-2011
115471;TFMP 32- Growth Option;INF277K01EP4;;10.2379;0.0000;0.0000;28-Oct-2011
115472;TFMP 32-Periodic Dividend Option;INF277K01EQ2;;10.2379;0.0000;0.0000;28-Oct-2011
115278;TFMP 33 Scheme C- Growth Option;INF277K01EJ7;;10.4359;0.0000;0.0000;28-Oct-2011
115279;TFMP 33 Scheme C- Periodic Dividend Payout Option;INF277K01EK5;;10.4359;0.0000;0.0000;28-Oct-2011
115162;TFMP 34 Scheme B- Periodic Dividend Payout Option;INF277K01CL7;;10.4326;0.0000;0.0000;28-Oct-2011
115163;TFMP 34 Scheme B-Growth Option;INF277K01CK9;;10.4326;0.0000;0.0000;28-Oct-2011
115255;TFMP 34 Scheme C- Growth option;INF277K01CM5;;10.4278;0.0000;0.0000;28-Oct-2011
115254;TFMP 34 Scheme C- Periodic Dividend Option;INF277K01CN3;;10.4278;0.0000;0.0000;28-Oct-2011
115256;TFMP 35 Scheme A- Growth Option;INF277K01CO1;;10.4336;0.0000;0.0000;28-Oct-2011
115257;TFMP 35 Scheme A- Periodic Dividend Payout Option;INF277K01CP8;;10.4336;0.0000;0.0000;28-Oct-2011
115277;TFMP 35 Scheme B- Growth Option;INF277K01CQ6;;10.3714;0.0000;0.0000;28-Oct-2011
115275;TFMP 35 Scheme B- Periodic Dividend Payout Option;INF277K01CR4;;10.3714;0.0000;0.0000;28-Oct-2011
115345;TFMP 35 Scheme C- Growth Option;INF277K01EL3;;10.3199;0.0000;0.0000;28-Oct-2011
115346;TFMP 35 Scheme C- Periodic Dividend Payout Option;INF277K01EM1;;10.3199;0.0000;0.0000;28-Oct-2011
115680;TFMP Series 36 B   Growth;INF277K01ET6;;10.1628;0.0000;0.0000;28-Oct-2011
115681;TFMP Series 36 B  Periodic Dividend Payout Option;INF277K01EU4;;10.1628;0.0000;0.0000;28-Oct-2011
115508;TFMP 36 Scheme A- Periodic Dividend Option;INF277K01EO7;;10.3121;0.0000;0.0000;28-Oct-2011
115509;TFMP 36 Scheme A-Growth Option;INF277K01EN9;;10.3121;0.0000;0.0000;28-Oct-2011
115783;TFMP 36 Scheme C- Growth;INF277K01EV2;;10.1127;0.0000;0.0000;28-Oct-2011
115784;TFMP 36 Scheme C- Periodic Dividend Option;INF277K01EW0;;10.1127;0.0000;0.0000;28-Oct-2011
115823;TFMP 37 Scheme A- Growth Option;INF277K01FC9;;10.0927;0.0000;0.0000;28-Oct-2011
115822;TFMP 37 Scheme A- Periodic Dividend Payout Option;INF277K01FD7;;10.0927;0.0000;0.0000;28-Oct-2011
115947;TFMP 37 Scheme B Periodic Dividend Payout Option;INF277K01FK2;;10.0263;0.0000;0.0000;28-Oct-2011
115946;TFMP 37 Scheme B- Growth Option;INF277K01FJ4;;10.0262;0.0000;0.0000;28-Oct-2011
115682;TFMP 38 A Growth Option;INF277K01EY6;;10.0963;0.0000;0.0000;28-Oct-2011
115683;TFMP 38 A Periodic Dividend Option;INF277K01EZ3;;10.0963;0.0000;0.0000;28-Oct-2011
113025;Tata Fixed Tenure Fund Series 1 - Dividend Option;INF277K01AS6;;10.2831;10.2831;10.2831;28-Oct-2011
113024;Tata Fixed Tenure Fund Series 1 - Growth Option;INF277K01AR8;;10.2831;10.2831;10.2831;28-Oct-2011
115466;Tata Fixed Tenure Fund Series 2 Scheme A Dividend Payout;INF277K01ES8;;10.2436;0.0000;0.0000;28-Oct-2011
115465;Tata Fixed Tenure Fund Series 2 Scheme A Growth;INF277K01ER0;;10.2436;0.0000;0.0000;28-Oct-2011
115696;Tata Fixed Tenure Fund Series 2 Scheme B -Dividend Payout;INF277K01FB1;;10.1351;0.0000;0.0000;28-Oct-2011
115697;Tata Fixed Tenure Fund Series 2 Scheme B- Growth;INF277K01FA3;;10.1348;0.0000;0.0000;28-Oct-2011

Taurus Mutual Fund
114815;Taurus Fixed Maturity Plan Series C  (367 Days) - Dividend Option;INF044D01302;;10.6052;10.6052;10.6052;28-Oct-2011
114814;Taurus Fixed Maturity Plan Series C (367 Days) - Growth Option;INF044D01310;;10.6052;10.6052;10.6052;28-Oct-2011
114901;Taurus Fixed Maturity Plan Series D (370 Days) - Dividend Option;INF044D01336;;10.6281;10.6281;10.6281;28-Oct-2011
114900;Taurus Fixed Maturity Plan Series D (370 Days) - Growth Option;INF044D01328;;10.6281;10.6281;10.6281;28-Oct-2011
115370;Taurus Fixed Maturity Plan Series G - Dividend Option;INF044D01419;;10.3209;10.3209;10.3209;28-Oct-2011
115369;Taurus Fixed Maturity Plan Series G - Growth Option;INF044D01401;;10.3209;10.3209;10.3209;28-Oct-2011
115779;Taurus Fixed Maturity Plan Series I - Dividend Option;;;10.1242;10.1242;10.1242;28-Oct-2011
115780;Taurus Fixed Maturity Plan Series I - Growth Option;;;10.1242;10.1242;10.1242;28-Oct-2011
115863;Taurus Fixed Maturity Plan Series J - Dividend Option;;;10.0906;10.0906;10.0906;28-Oct-2011
115864;Taurus Fixed Maturity Plan Series J - Growth Option;;;10.0906;10.0906;10.0906;28-Oct-2011

Union Mutual Fund
115973;Union KBC Fixed Maturity Plan-92 Days-Series 1-Dividend Payout Option;INF582M01153;;10.0221;10.0221;10.0221;28-Oct-2011
115972;Union KBC Fixed Maturity Plan-92 Days-Series 1-Growth Option;INF582M01146;;10.0221;10.0221;10.0221;28-Oct-2011

UTI Mutual Fund
106339;UTI F I I F-Annual Interval Plan Series - II - Institutional  Growth Option;INF789F01FP5;;11.6777;0;0;28-Oct-2011
106340;UTI F I I F-Annual Interval Plan Series - II - Institutional Dividend Option;INF789F01FN0;INF789F01FO8;10.0856;0;0;28-Oct-2011
106338;UTI F I I F-Annual Interval Plan Series - II - Regular Plan - Growth Option;INF789F01FM2;;14.0122;0;0;28-Oct-2011
106337;UTI FIIF Annual Interval Plan II - Regular Plan - IDCW;INF789F01FK6;INF789F01FL4;10.0797;0;0;28-Oct-2011
107070;UTI FIIF Annual Interval Plan IV - Regular Plan - IDCW;INF789F01FW1;INF789F01FX9;10.0734;0;0;28-Oct-2011
111478;UTI Fixed Interval Income Fund (Annual Interval Plan) Series IV - Instn Dividend Option;INF789F01FZ4;INF789F01GA5;10.0764;0;0;28-Oct-2011
111467;UTI Fixed Interval Income Fund (Annual Interval Plan) Series IV - Instn Growth Option;INF789F01GB3;;10.7902;0;0;28-Oct-2011
107071;UTI Fixed Interval Income Fund (Annual Interval Plan) Series IV - Regular Plan - Growth Option;INF789F01FY7;;13.4781;0;0;28-Oct-2011
107089;UTI FIIF Half Yearly Plan I - Regular Plan - IDCW;INF789F01EY0;INF789F01EZ7;10.0859;0;0;28-Oct-2011
107090;UTI Fixed  Income Interval Fund ( Half Yearly Plan - I) - Instn Dividend Option;INF789F01FB5;INF789F01FC3;10.0911;0;0;28-Oct-2011
107091;UTI Fixed  Income Interval Fund ( Half Yearly Plan - I) - Instn Growth Option;INF789F01FD1;;10.4174;0;0;28-Oct-2011
107088;UTI Fixed  Income Interval Fund ( Half Yearly Plan - I) - Regular Plan - Growth Option;INF789F01FA7;;13.4068;0;0;28-Oct-2011
107226;UTI FIIF Half Yearly Plan II - Regular Plan - IDCW;INF789F01HG0;INF789F01HH8;10.0842;0;0;28-Oct-2011
107225;UTI Fixed Income Interval Fund ( Half Yearly Plan-II)- Instn. Dividend Option;INF789F01HJ4;INF789F01HK2;10.086;0;0;28-Oct-2011
107227;UTI Fixed Income Interval Fund ( Half Yearly Plan-II)- Instn. Growth Option;INF789F01HL0;;11.2104;0;0;28-Oct-2011
107228;UTI Fixed Income Interval Fund ( Half Yearly Plan-II)- Regular Plan - Growth Option;INF789F01HI6;;13.2751;0;0;28-Oct-2011
106145;UTI - Fixed Income Interval Fund - Monthly Interval Plan  - Regular Plan - Growth Option;INF789F01EU8;;13.8994;0;0;28-Oct-2011
106549;UTI - Fixed Income Interval Fund - Monthly Interval Plan - Institutional Dividend Option;INF789F01EV6;INF789F01EW4;10.0209;0;0;28-Oct-2011
106550;UTI - Fixed Income Interval Fund - Monthly Interval Plan - Institutional Growth Option;INF789F01EX2;;13.5605;0;0;28-Oct-2011
106146;UTI FIIF Monthly Interval Plan I - Regular Plan - Monthly IDCW;INF789F01ES2;INF789F01ET0;10.0192;0;0;28-Oct-2011
107195;UTI FIIF Monthly Interval Plan II - Regular Plan - Monthly IDCW;INF789F01EM5;INF789F01EN3;10.04;0;0;28-Oct-2011
107196;UTI Fixed Income Interval Fund - Monthly Interval Plan II-Instn Growth Option;INF789F01ER4;;11.1412;0;0;28-Oct-2011
107194;UTI Fixed Income Interval Fund - Monthly Interval Plan II-Instn. Dividend Option;INF789F01EP8;INF789F01EQ6;10.0442;0;0;28-Oct-2011
107193;UTI Fixed Income Interval Fund - Monthly Interval Plan II-Regular Plan - Growth Option;INF789F01EO1;;13.3685;0;0;28-Oct-2011
106365;UTI FIIF Quarterly Interval Plan III - Regular Plan - IDCW;INF789F01GI8;INF789F01GJ6;10.0752;0;0;28-Oct-2011
106368;UTI Fixed  Income Interval Fund ( Quarterly Interval Plan - III) - Inst Growth Plan;INF789F01GN8;;13.8608;0;0;28-Oct-2011
106366;UTI Fixed  Income Interval Fund ( Quarterly Interval Plan - III) -Regular Plan - Growth Option;INF789F01GK4;;13.7731;0;0;28-Oct-2011
106367;UTI Fixed  Income Interval Fund ( Quarterly Interval Plan -III) - Inst Dividend Plan;INF789F01GL2;INF789F01GM0;10.0765;0;0;28-Oct-2011
109467;UTI F I I F Series II -Quarterly Interval Plan - IV -Instn. Dividend  Option;INF789F01GR9;INF789F01GS7;10.0221;0;0;28-Oct-2011
109466;UTI F I I F Series II -Quarterly Interval Plan - IV -Instn. Growth  Option;INF789F01GT5;;11.0707;0;0;28-Oct-2011
109465;UTI F I I F Series II -Quarterly Interval Plan - IV -Regular Plan - Growth Option;INF789F01GQ1;;12.8166;0;0;28-Oct-2011
109464;UTI FIIF Sr-2 Quarterly Interval Plan IV - Regular Plan - IDCW;INF789F01GO6;INF789F01GP3;10.022;0;0;28-Oct-2011
110466;UTI F I I F Series II -Quarterly Interval Plan - VII - Instn Dividend Option;INF789F01EJ1;INF789F01EK9;10.0586;0;0;28-Oct-2011
110467;UTI F I I F Series II -Quarterly Interval Plan - VII - Instn Growth Option;INF789F01EL7;;11.0932;0;0;28-Oct-2011
110468;UTI F I I F Series II -Quarterly Interval Plan - VII - Regular Plan - Growth Option;INF789F01EI3;;12.7337;0;0;28-Oct-2011
110469;UTI FIIF Sr-2 Quarterly Interval Plan VII - Regular Plan - IDCW;INF789F01EG7;INF789F01EH5;10.0576;0;0;28-Oct-2011
107497;UTI - Investment Bond Fund - Dividend Option;;;10.7026;0;0;28-Oct-2011
107498;uti - Investment Bond Fund - Growth Option;;;10.7026;0;0;28-Oct-2011
106185;UTI Annual Interval Fund - I - ( Instn Growth Option );INF789F01FJ8;;14.0996;0;0;28-Oct-2011
106183;UTI Annual Interval Fund - I - Regular Plan - Growth Option;INF789F01FG4;;13.8668;0;0;28-Oct-2011
106186;UTI Annual Interval Fund - I - Regular Plan - IDCW;INF789F01FE9;INF789F01FF6;10.0632;0;0;28-Oct-2011
106184;UTI Fixed Income Interval Fund - Annual Interval Plan Series - I ( Instn Dividend Option );INF789F01FH2;INF789F01FI0;10.0636;0;0;28-Oct-2011
106707;UTI Annual Interval Fund - II - Regular Plan - Growth Option;INF789F01FS9;;13.928;0;0;28-Oct-2011
106706;UTI Annual Interval Fund - II - Regular Plan - IDCW;INF789F01FQ3;INF789F01FR1;10.0574;0;0;28-Oct-2011
106708;UTI Fixed Interval Income Fund (Annual Interval Fund)  Series III - Instn Dividend Option;INF789F01FT7;INF789F01FU5;10.0605;0;0;28-Oct-2011
106709;UTI Fixed Interval Income Fund (Annual Interval Fund)  Series III - Instn Growth Option;INF789F01FV3;;14.1874;0;0;28-Oct-2011
104954;UTI Capital Protection Oriented Scheme - 5 Years -Growth Option;;;13.7207;0;0;28-Oct-2011
104953;UTI Capital Protection Orinted Scheme - Plan 5 years- Income Option;;;13.7207;0;0;28-Oct-2011
106058;UTI Fixed  Income Interval Fund ( Quarterly Interval Plan - I) - Inst Dividend Plan;INF789F01GF4;INF789F01GG2;10.0876;0;0;28-Oct-2011
106059;UTI Fixed  Income Interval Fund ( Quarterly Interval Plan - I) - Inst Growth Plan;INF789F01GH0;;11.3469;0;0;28-Oct-2011
106060;UTI Quarterly Interval Fund - I - Regular Plan - Growth Option;INF789F01GE7;;14.0531;0;0;28-Oct-2011
106057;UTI Quarterly Interval Fund - I - Regular Plan - IDCW;INF789F01GC1;INF789F01GD9;10.0877;0;0;28-Oct-2011
109619;UTI F I I F Series II -Quarterly Interval Plan - V - Instn Dividend Option;INF789F01GX7;INF789F01GY5;10.0781;0;0;28-Oct-2011
109620;UTI F I I F Series II -Quarterly Interval Plan - V - Instn Growth Option;INF789F01GZ2;;11.0713;0;0;28-Oct-2011
109617;UTI Quarterly Interval Fund - II - Regular Plan - Growth Option;INF789F01GW9;;12.6228;0;0;28-Oct-2011
109618;UTI Quarterly Interval Fund - II - Regular Plan - IDCW;INF789F01GU3;INF789F01GV1;10.077;0;0;28-Oct-2011
110022;UTI F I I F Series II -Quarterly Interval Plan - VI-Institutional Divided Option;INF789F01HD7;INF789F01HE5;10.0772;0;0;28-Oct-2011
110023;UTI F I I F Series II -Quarterly Interval Plan - VI-Institutional Growth Option;INF789F01HF2;;11.3994;0;0;28-Oct-2011
110024;UTI Quarterly Interval Fund - III -Regular Plan - Growth Option;INF789F01HC9;;12.6364;0;0;28-Oct-2011
110021;UTI Quarterly Interval Fund - III -Regular Plan - IDCW;INF789F01HA3;INF789F01HB1;10.0773;0;0;28-Oct-2011
114203;UTI-FMP YEARLY SERIES OCT10 - DIVIDEND OPTION INSTITUTION;;;10.0769;0;0;28-Oct-2011
114204;UTI-FMP YEARLY SERIES OCT10 - DIVIDEND OPTION RETAIL;;;10.0751;0;0;28-Oct-2011
114206;UTI-FMP YEARLY SERIES OCT10 - GROWTH OPTION INSTITUTION;;;10.8617;0;0;28-Oct-2011
114205;UTI-FMP YEARLY SERIES OCT10 - GROWTH OPTION RETAIL;;;10.8397;0;0;28-Oct-2011
115171;UTI-FMP-Yearly Series Apr 2011 - Dividend Option;INF789F01HP1;INF789F01HQ9;10.0808;0;0;28-Oct-2011
115168;UTI-FMP-Yearly Series Apr 2011 - Growth option;INF789F01HR7;;10.4748;0;0;28-Oct-2011
115169;UTI-FMP-Yearly Series Apr 2011 - Instn Dividend Option;INF789F01HS5;INF789F01HT3;10.0833;0;0;28-Oct-2011
115170;UTI-FMP-Yearly Series Apr 2011 - Instn Growth Option;INF789F01HU1;;10.4909;0;0;28-Oct-2011
114393;UTI-FMP-Yearly Series Dec 10 - Dividend Option;INF789F01DJ3;INF789F01DF1;10.077;0;0;28-Oct-2011
114394;UTI-FMP-Yearly Series Dec 10 - Growth Option;INF789F01DG9;;10.7654;0;0;28-Oct-2011
114395;UTI-FMP-Yearly Series Dec 10 - Instn Dividend Option;INF789F01DK1;INF789F01DH7;10.0796;0;0;28-Oct-2011
114392;UTI-FMP-Yearly Series Dec 10 - Instn Growth Option;INF789F01DI5;;10.7931;0;0;28-Oct-2011
114823;UTI-FMP-Yearly Series Feb 11 - Dividend Option;INF789F01DR6;INF789F01DS4;10.0774;0;0;28-Oct-2011
114822;UTI-FMP-Yearly Series Feb 11 - Instn Dividend Option;INF789F01DU0;INF789F01DV8;10.08;0;0;28-Oct-2011
114825;UTI-FMP-Yearly Series Feb 11 - Instn Growth Option;INF789F01DW6;;10.6677;0;0;28-Oct-2011
114824;UTI-FMP-Yearly Series Feb 11- Growth Option;INF789F01DT2;;10.6459;0;0;28-Oct-2011
114573;UTI-FMP-Yearly Series Jan 11 - Dividend Option;INF789F01DL9;INF789F01DM7;10.0793;0;0;28-Oct-2011
114570;UTI-FMP-Yearly Series Jan 11 - Growth Option;INF789F01DN5;;10.6987;0;0;28-Oct-2011
114572;UTI-FMP-Yearly Series Jan 11 - Instn Growth Option;INF789F01DQ8;;10.7279;0;0;28-Oct-2011
115539;UTI-FMP-Yearly Series June 2011 - Dividend Option;INF789F01IN4;INF789F01IO2;10.0888;0;0;28-Oct-2011
115540;UTI-FMP-Yearly Series June 2011 - Growth Option;INF789F01IP9;;10.3251;0;0;28-Oct-2011
115542;UTI-FMP-Yearly Series June 2011 - Instn.Growth Option;INF789F01IS3;;10.336;0;0;28-Oct-2011
115046;UTI-FMP-Yearly Series Mar 2011 - Dividend Option;INF789F01DX4;INF789F01DY2;10.0803;0;0;28-Oct-2011
115044;UTI-FMP-Yearly Series Mar 2011 - Growth Option;INF789F01DZ9;;10.5612;0;0;28-Oct-2011
115045;UTI-FMP-Yearly Series Mar 2011 - Instn Growth Option;INF789F01EC6;;10.5873;0;0;28-Oct-2011
115307;UTI-FMP-Yearly Series May 2011 - Dividend Option;INF789F01IB9;INF789F01IC7;10.0816;0;0;28-Oct-2011
115308;UTI-FMP-Yearly Series May 2011 - Growth Option;INF789F01ID5;;10.4287;0;0;28-Oct-2011
115309;UTI-FMP-Yearly Series May 2011 - Instn Dividend Option;INF789F01IE3;INF789F01IF0;10.0842;0;0;28-Oct-2011
115310;UTI-FMP-Yearly Series May 2011 - Instn Growth Option;INF789F01IG8;;10.4427;0;0;28-Oct-2011
115073;UTI-FTIF  Sr. IX  Plan I (367Days)- Dividend Option;INF789F01ED4;INF789F01EE2;10.1111;0;0;28-Oct-2011
115074;UTI-FTIF  Sr. IX  Plan I (367Days)- Growth Option;INF789F01EF9;;10.6004;0;0;28-Oct-2011
115134;UTI-FTIF  Sr. IX  Plan II (369 Days) - Dividend Option;INF789F01HM8;INF789F01HN6;10.0866;0;0;28-Oct-2011
115133;UTI-FTIF  Sr. IX  Plan II (369 Days) - Growth Option;INF789F01HO4;;10.5111;0;0;28-Oct-2011
115172;UTI-FTIF  Sr. IX  Plan III (367 Days) - Dividend Option;INF789F01HV9;INF789F01HW7;10.0839;0;0;28-Oct-2011
115173;UTI-FTIF  Sr. IX  Plan III (367 Days) - Growth Option;INF789F01HX5;;10.4941;0;0;28-Oct-2011
115305;UTI-FTIF  Sr. IX  Plan IV (368 Days)- Dividend Option;INF789F01HY3;INF789F01HZ0;10.0843;0;0;28-Oct-2011
115306;UTI-FTIF  Sr. IX  Plan IV (368 Days)- Growth Option;INF789F01IA1;;10.4365;0;0;28-Oct-2011
115371;UTI-FTIF  Sr. IX  Plan V (367 Days) - Dividend Option;INF789F01IH6;INF789F01II4;10.0882;0;0;28-Oct-2011
115372;UTI-FTIF  Sr. IX  Plan V (367 Days) - Growth Option;INF789F01IJ2;;10.4102;0;0;28-Oct-2011
115578;UTI-FTIF Sr. IX  Plan VI (368 Days) - Dividend Option;INF789F01IK0;INF789F01IL8;10.0946;0;0;28-Oct-2011
115577;UTI-FTIF Sr. IX  Plan VI (368 Days)- Growth Option;INF789F01IM6;;10.2833;0;0;28-Oct-2011
115600;UTI-FTIF Sr. X  Plan I (252 Days) - Dividend Option;INF789F01IT1;INF789F01IU9;10.0797;0;0;28-Oct-2011
115601;UTI-FTIF Sr. X  Plan I (252 Days) - Growth Option;INF789F01IV7;;10.2599;0;0;28-Oct-2011
115614;UTI-FTIF Sr. X  Plan II (369 Days) - Dividend Option;INF789F01IW5;INF789F01IX3;10.089;0;0;28-Oct-2011
115615;UTI-FTIF Sr. X  Plan II (369 Days) - Growth Option;INF789F01IY1;;10.2744;0;0;28-Oct-2011
115658;UTI-FTIF Sr. X Plan III (370 Days) - Dividend Option;INF789F01IZ8;INF789F01JA9;10.0791;0;0;28-Oct-2011
115659;UTI-FTIF Sr. X Plan III (370 Days) - Growth Option;INF789F01JB7;;10.2346;0;0;28-Oct-2011
115661;UTI-FTIF Sr. X Plan IV (369 Days) - Dividend Option;INF789F01JC5;INF789F01JD3;10.0822;0;0;28-Oct-2011
115660;UTI-FTIF Sr. X Plan IV (369 Days) - Growth Option;INF789F01JE1;;10.2278;0;0;28-Oct-2011
115704;UTI-FTIF Sr. X Plan V (369 Days) - Dividend Option;INF789F01JF8;INF789F01JG6;10.0766;0;0;28-Oct-2011
115703;UTI-FTIF Sr. X Plan V (369 Days) - Growth Option;INF789F01JH4;;10.1873;0;0;28-Oct-2011

Close Ended Schemes ( Growth )


Canara Robeco Mutual Fund
104861;Canara Robeco Multicap-DIVIDEND OPTION;INF760K01AU7;INF760K01AV5;14.1700;14.1700;14.1700;28-Oct-2011
104860;Canara Robeco Multicap-GROWTH OPTION;INF760K01AW3;;15.2800;15.2800;15.2800;28-Oct-2011

Sundaram Mutual Fund
104998;Sundaram Select Small Cap Dividend;;;11.4717;11.4717;0.0000;28-Oct-2011
104999;Sundaram Select Small Cap- Growth;;;12.3195;12.3195;0.0000;28-Oct-2011

Close Ended Schemes ( Balanced )


Tata Mutual Fund
115873;Tata SIP Fund Series 3 - Dividend Payout;INF277K01FF2;;10.0443;0.0000;0.0000;28-Oct-2011
115872;Tata SIP Fund Series 3 - Growth;INF277K01FE5;;10.0443;0.0000;0.0000;28-Oct-2011
112009;Tata Smart Investment Plan - 1 - Scheme A - Dividend;INF277K01022;;10.4053;0.0000;0.0000;28-Oct-2011
112008;Tata Smart Investment Plan - 1 - Scheme A - Growth;INF277K01014;;10.4051;0.0000;0.0000;28-Oct-2011
112011;Tata Smart Investment Plan - 1 - Scheme B - Dividend;INF277K01048;;10.1418;0.0000;0.0000;28-Oct-2011
112010;Tata Smart Investment Plan - 1 - Scheme B - Growth;INF277K01030;;10.1418;0.0000;0.0000;28-Oct-2011

Close Ended Schemes ( ELSS )


Bandhan Mutual Fund
108864;IDFC Tax Saver (ELSS) Fund A DIVIDEND;INF194K01276;INF194K01284;13.9895;13.9895;13.9895;28-Oct-2011
108865;IDFC Tax Saver (ELSS) Fund A GROWTH;INF194K01268;;13.9898;13.9898;13.9898;28-Oct-2011

ICICI Prudential Mutual Fund
112101;ICICI Prudential R.I.G.H.T. Fund Dividend;INF109KA1XQ0;;12.33;N.A.;N.A.;28-Oct-2011
112100;ICICI Prudential R.I.G.H.T. Fund Growth;INF109KA1XP2;;12.33;N.A.;N.A.;28-Oct-2011

ING Mutual Fund
105324;ING RetireInvest Fund Series I - Dividend;INF084M01143;;11.5600;11.2548;N.A.;28-Oct-2011
105325;ING RetireInvest Fund Series I - Growth;INF084M01135;;11.5600;11.2548;N.A.;28-Oct-2011

Invesco Mutual Fund
107714;Invesco India AGILE Tax Fund - Dividend Option;INF205K01FT4;;7.33;0.00;0.00;28-Oct-2011
107773;Invesco India AGILE Tax Fund - Growth Option;INF205K01FS6;;7.33;0.00;0.00;28-Oct-2011

L&T Mutual Fund
112625;L&T Long Term Advantage Fund I - Regular Plan - Dividend;INF917K01BQ9;;12.02;0.00;0.00;28-Oct-2011
112624;L&T Long Term Advantage Fund I - Regular Plan - Growth;INF917K01BR7;;18.93;0.00;0.00;28-Oct-2011

Nippon India Mutual Fund
107900;Reliance Equity Linked Saving Fund - Series I - Dividend Plan;INF204K01ON2;;13.4859;13.1034;13.4859;28-Oct-2011
107901;Reliance Equity Linked Saving Fund - Series I - Growth Plan;INF204K01OM4;;13.4859;13.1034;13.4859;28-Oct-2011

SBI Mutual Fund
108144;SBI TAX ADVANTAGE FUND - SERIES I - DIVIDEND;INF200K01IK8;;10.65;N.A.;N.A.;28-Oct-2011
115084;SBI TAX ADVANTAGE FUND-SERIES - REPURCHASE NAV - DIVIDEND;;;10.28;N.A.;N.A.;28-Oct-2011
115085;SBI TAX ADVANTAGE FUND - REPURCHASE - GROWTH;;;10.28;N.A.;N.A.;28-Oct-2011
108145;SBI TAX ADVANTAGE FUND - SERIES I - GROWTH;INF200K01IJ0;;10.65;N.A.;N.A.;28-Oct-2011

Tata Mutual Fund
111779;Tata Infrastructure Tax Saving Fund - Dividend;INF277K01790;;12.6790;0.0000;0.0000;28-Oct-2011
111778;Tata Infrastructure Tax Saving Fund - Growth;INF277K01808;;13.3974;0.0000;0.0000;28-Oct-2011
103470;Tata Tax Advantage Fund -1;INF277K01HK8;;16.1710;0.0000;0.0000;28-Oct-2011

UTI Mutual Fund
101834;UTI - Master Equity Plan Unit Scheme;;;48.2;0;0;28-Oct-2011
105497;UTI Long Term Advantage Fund  - Dividend Option;;;11.57;0;0;28-Oct-2011
105498;UTI Long Term Advantage Fund  - Growth Option;;;11.57;0;0;28-Oct-2011
108231;UTI-Long Term Advantage Fund Series -II - Growth Option;;;13.74;0;0;28-Oct-2011
108232;UTI-Long Term Advantage Fund Series-II - Dividend Option;;;13.74;0;0;28-Oct-2011

Interval Fund Schemes ( Income )


LIC Mutual Fund
108438;LIC MF Interval Fund Annual Plan-Series 1-Regular Plan-Dividend;INF767K01329;INF767K01337;10.6207;0.0000;0.0000;28-Oct-2011
108439;LIC MF Interval Fund Annual Plan-Series 1-Regular Plan-Growth;INF767K01345;;12.7411;0.0000;0.0000;28-Oct-2011
108416;LIC MF Interval Fund Monthly Plan-Series 1-Regular Plan-Dividend;INF767K01295;INF767K01303;10.0434;0.0000;0.0000;28-Oct-2011
108417;LIC MF Interval Fund Monthly Plan-Series 1-Regular Plan-Growth;INF767K01311;;12.9611;0.0000;0.0000;28-Oct-2011
108408;LIC MF Interval Fund Quarterly Plan-Series 1-Regular Plan-Dividend;INF767K01238;INF767K01246;10.1886;0.0000;0.0000;28-Oct-2011
108411;LIC MF Interval Fund Quarterly Plan-Series 1-Regular Plan-Growth;INF767K01253;;13.0303;0.0000;0.0000;28-Oct-2011
109917;LIC MF Interval Fund Quarterly Plan-Series 2-Regular Plan-Dividend;INF767K01261;INF767K01279;10.1587;0.0000;0.0000;28-Oct-2011
109916;LIC MF Interval Fund Quarterly Plan-Series 2-Regular Plan-Growth;INF767K01287;;12.7743;0.0000;0.0000;28-Oct-2011

Nippon India Mutual Fund
105660;NIPPON INDIA ANNUAL INTERVAL FUND - SERIES I - IDCW Option;INF204K01ED4;INF204K01EE2;10.4225;10.4225;10.4225;28-Oct-2011
105662;NIPPON INDIA ANNUAL INTERVAL FUND - SERIES I - RETAIL Plan - IDCW Option;INF204K01EA0;INF204K01EB8;10.4241;10.4241;10.4241;28-Oct-2011
105663;Nippon India Interval Fund Annual Interval Fund Series-I- Growth Option;INF204K01EC6;;10.4225;10.4225;10.4225;28-Oct-2011
105661;Nippon India Interval Fund Annual Interval Fund Series-I-Retail Plan Growth Option;INF204K01DZ9;;14.1265;14.1265;14.1265;28-Oct-2011
105229;Nippon India Interval Fund-Monthly Interval Fund-Series-I- Growth Option;INF204K01CV0;;13.9353;13.9353;13.9353;28-Oct-2011
105232;Nippon India Interval Fund-Monthly Interval Fund-Series-I-Institutional Plan-Dividend Option;INF204K01CZ1;INF204K01DA2;10.0301;10.0301;10.0301;28-Oct-2011
105230;NIPPON INDIA MONTHLY INTERVAL FUND - SERIES I - IDCW Option;INF204K01CW8;INF204K01CX6;10.0295;10.0295;10.0295;28-Oct-2011
105231;Reliance Interval Fund-Monthly Interval Fund-Series-I-Institutional Plan-Growth Option;INF204K01CY4;;13.9784;13.9784;13.9784;28-Oct-2011
105400;Nippon India Interval Fund-Monthly Interval Fund-Series-II -Growth Option;INF204K01DB0;;13.9490;13.9490;13.9490;28-Oct-2011
105402;Nippon India Interval Fund-Monthly Interval Fund-Series-II-Institutional Plan-Dividend Option;INF204K01DF1;INF204K01DG9;10.0632;10.0632;10.0632;28-Oct-2011
105401;NIPPON INDIA MONTHLY INTERVAL FUND - SERIES II - IDCW Option;INF204K01DC8;INF204K01DD6;10.0619;10.0619;10.0619;28-Oct-2011
105399;Reliance Interval Fund-Monthly Interval Fund-Series-II-Institutional Plan-Growth Option;INF204K01DE4;;13.9926;13.9926;13.9926;28-Oct-2011
105691;Nippon India Interval Fund-Quarterly Interval Fund Serie-II-Institutional Plan -Dividend Option;INF204K01DR6;INF204K01DS4;10.2037;10.2037;10.2037;28-Oct-2011
105689;Nippon India Interval Fund-Quarterly Interval Fund Series-II-Growth Option;INF204K01DN5;;14.0399;14.0399;14.0399;28-Oct-2011
105692;NIPPON INDIA QUARTERLY INTERVAL FUND - SERIES II - IDCW Option;INF204K01DO3;INF204K01DP0;10.1991;10.1991;10.1991;28-Oct-2011
105690;Reliance Interval Fund-Quarterly Interval Fund Serie-II-Institutional Plan Growth Option;INF204K01DQ8;;14.1489;14.1489;14.1489;28-Oct-2011
105434;NIPPON INDIA INTERVAL FUND - QUARTERLY PLAN - SERIES I - IDCW Option;INF204K01DI5;INF204K01DJ3;10.0737;10.0737;10.0737;28-Oct-2011
105436;NIPPON INDIA INTERVAL FUND - QUARTERLY PLAN - SERIES I - INSTITUTIONAL IDCW Option;INF204K01DL9;INF204K01DM7;10.0763;10.0763;10.0763;28-Oct-2011
105433;Nippon India Interval Fund-Quarterly Interval Fund-Series-I - Growth Option;INF204K01DH7;;14.1829;14.1829;14.1829;28-Oct-2011
105435;Reliance Interval Fund-Quarterly Interval Fund-Series-I-Institutional Plan-Growth Option;INF204K01DK1;;11.2659;11.2659;11.2659;28-Oct-2011
105884;Nippon India Interval Fund-Quarterly Interval Fund-Series-III- Growth Option;INF204K01DT2;;13.9869;13.9869;13.9869;28-Oct-2011
105882;Nippon India Interval Fund-Quarterly Interval Fund-Series-III-Institutional Plan-Growth Option;INF204K01DW6;;14.0315;14.0315;14.0315;28-Oct-2011
105885;NIPPON INDIA QUARTERLY INTERVAL FUND - SERIES III - IDCW Option;INF204K01DU0;INF204K01DV8;10.1350;10.1350;10.1350;28-Oct-2011
105883;NIPPON INDIA QUARTERLY INTERVAL FUND - SERIES III - INSTITUTIONAL IDCW Option;INF204K01DX4;INF204K01DY2;10.1380;10.1380;10.1380;28-Oct-2011
